#  1948         2011
 1948   -0.003   -0.015    0.041   -0.057    0.009    0.068   -0.026   -0.010   -0.040    0.021    0.147    0.075
 1949    0.166    0.173    0.052    0.112   -0.011    0.014    0.085    0.116    0.083    0.117    0.121    0.131
 1950    0.124   -0.020   -0.092   -0.117   -0.045   -0.029   -0.042    0.034    0.023   -0.077    0.094    0.102
 1951    0.117    0.012    0.026    0.183    0.186    0.303    0.436    0.318    0.264    0.273    0.189    0.189
 1952    0.186    0.197    0.245    0.205    0.195    0.397    0.387    0.418    0.376    0.369    0.265    0.355
 1953    0.280    0.200    0.156    0.328    0.357    0.290    0.358    0.273    0.294    0.162    0.259    0.272
 1954    0.242    0.110    0.115    0.001    0.084    0.114   -0.030    0.000    0.004   -0.017   -0.012   -0.036
 1955    0.091    0.055    0.056    0.110    0.191    0.208    0.283    0.190    0.218    0.294    0.401    0.271
 1956    0.201    0.109    0.029    0.079   -0.043   -0.249   -0.075   -0.083   -0.074   -0.028   -0.072    0.034
 1957   -0.066   -0.091   -0.004   -0.059   -0.106    0.003    0.055    0.217    0.236    0.165    0.099    0.095
 1958    0.064    0.204    0.359    0.362    0.217    0.237    0.180    0.176    0.228    0.167    0.201    0.235
 1959    0.115    0.130   -0.012    0.012    0.023   -0.044   -0.016    0.028    0.141    0.128    0.066    0.125
 1960    0.192    0.232    0.104    0.112    0.318    0.335    0.286    0.351    0.226    0.312    0.266    0.153
 1961    0.076    0.097    0.164    0.242    0.209    0.048   -0.003    0.052    0.019    0.045    0.083    0.229
 1962    0.165    0.168    0.181    0.103    0.039   -0.055    0.008   -0.047    0.020    0.081    0.062    0.206
 1963    0.173    0.182    0.149    0.120   -0.069   -0.031   -0.020   -0.058   -0.186   -0.056   -0.041   -0.044
 1964   -0.059    0.037    0.055   -0.130    0.057    0.020   -0.128   -0.218   -0.204   -0.255   -0.150   -0.105
 1965   -0.182   -0.161   -0.061   -0.081   -0.082   -0.110   -0.172   -0.194   -0.206   -0.231   -0.260   -0.107
 1966   -0.060    0.026    0.007    0.060    0.018   -0.029   -0.039   -0.027    0.016    0.030    0.019    0.097
 1967    0.098    0.104   -0.017    0.001   -0.170   -0.244   -0.214   -0.148   -0.080   -0.083   -0.218   -0.136
 1968   -0.230   -0.182   -0.192   -0.139   -0.107   -0.246   -0.213   -0.197   -0.133   -0.097   -0.091   -0.110
 1969   -0.046    0.121    0.224    0.166    0.027    0.045    0.110   -0.084   -0.090   -0.168   -0.107   -0.015
 1970    0.007   -0.031    0.036    0.037   -0.029   -0.165   -0.183   -0.123   -0.121   -0.179   -0.223   -0.192
 1971   -0.228   -0.275   -0.293   -0.396   -0.309   -0.345   -0.332   -0.418   -0.349   -0.217   -0.225   -0.291
 1972   -0.300   -0.362   -0.421   -0.308   -0.451   -0.470   -0.357   -0.365   -0.284   -0.268   -0.259   -0.332
 1973   -0.355   -0.375   -0.325   -0.246   -0.150   -0.157   -0.085   -0.114   -0.112   -0.197   -0.190   -0.219
 1974   -0.257   -0.265   -0.382   -0.504   -0.481   -0.428   -0.496   -0.449   -0.487   -0.489   -0.407   -0.342
 1975   -0.253   -0.319   -0.290   -0.326   -0.369   -0.276   -0.252   -0.165   -0.316   -0.334   -0.321   -0.302
 1976   -0.365   -0.421   -0.474   -0.406   -0.468   -0.464   -0.287   -0.165   -0.173   -0.273   -0.396   -0.412
 1977   -0.369   -0.313   -0.163   -0.197   -0.150   -0.087   -0.085   -0.124   -0.211   -0.203   -0.122   -0.184
 1978   -0.085   -0.126   -0.137   -0.174   -0.183   -0.312   -0.255   -0.206   -0.169   -0.186   -0.098   -0.161
 1979   -0.171   -0.130   -0.206   -0.215   -0.096   -0.020   -0.073   -0.093   -0.087   -0.066   -0.063   -0.037
 1980    0.021   -0.056   -0.116    0.022    0.152    0.131    0.073    0.046    0.015   -0.039   -0.174   -0.226
 1981   -0.154   -0.153    0.029   -0.067   -0.056   -0.034   -0.067   -0.087   -0.008   -0.159   -0.108    0.016
 1982   -0.056   -0.054   -0.054   -0.153   -0.171   -0.158   -0.201   -0.279   -0.276   -0.332   -0.387   -0.355
 1983   -0.272   -0.080    0.106    0.089   -0.018   -0.027    0.016   -0.130   -0.188   -0.168   -0.131    0.025
 1984   -0.077   -0.058   -0.097   -0.127   -0.142   -0.299   -0.244   -0.203   -0.181   -0.304   -0.391   -0.288
 1985   -0.325   -0.301   -0.330   -0.372   -0.311   -0.097   -0.123   -0.248   -0.216   -0.218   -0.266   -0.304
 1986   -0.311   -0.246   -0.261   -0.288   -0.202   -0.226   -0.215   -0.239   -0.185   -0.289   -0.370   -0.346
 1987   -0.252   -0.190   -0.008    0.055    0.081    0.223    0.307    0.309    0.226    0.080   -0.043    0.070
 1988   -0.013   -0.086    0.018    0.082    0.164    0.197    0.149    0.026   -0.061   -0.140   -0.129   -0.145
 1989   -0.201   -0.132   -0.222   -0.251   -0.119    0.115    0.204    0.141   -0.062   -0.096   -0.122   -0.128
 1990   -0.271   -0.132   -0.147   -0.080   -0.032   -0.028    0.008    0.078    0.176    0.146   -0.020   -0.003
 1991   -0.163   -0.088   -0.039   -0.099   -0.133   -0.110   -0.084   -0.079   -0.011   -0.230   -0.232   -0.192
 1992   -0.168   -0.073   -0.071   -0.159   -0.206   -0.125   -0.194   -0.352   -0.340   -0.268   -0.307   -0.263
 1993   -0.220   -0.164   -0.224   -0.148   -0.145   -0.153   -0.254   -0.203   -0.134   -0.210   -0.287   -0.266
 1994   -0.265   -0.281   -0.252   -0.168   -0.179   -0.194   -0.201   -0.200   -0.110   -0.015    0.012   -0.068
 1995   -0.038   -0.010    0.049    0.105    0.292    0.395    0.344    0.214    0.086    0.129    0.148    0.063
 1996    0.014   -0.007   -0.034    0.034   -0.041   -0.100   -0.081    0.021    0.029   -0.119   -0.148   -0.125
 1997   -0.060   -0.006    0.033    0.033    0.061    0.039    0.093    0.046    0.135    0.175    0.072    0.156
 1998    0.158    0.319    0.349    0.323    0.404    0.517    0.520    0.548    0.449    0.418    0.353    0.308
 1999    0.081    0.086    0.099    0.086    0.196    0.221    0.236    0.347    0.226    0.061   -0.007    0.048
 2000   -0.054   -0.011    0.131    0.076    0.136    0.015    0.106    0.135    0.137   -0.005   -0.015   -0.091
 2001   -0.090    0.008    0.053    0.026    0.018    0.229    0.173    0.218    0.331    0.297    0.193    0.242
 2002    0.209    0.198    0.179    0.063   -0.016   -0.082   -0.026    0.146    0.121    0.152    0.055    0.037
 2003    0.084    0.016    0.138    0.107    0.185    0.242    0.322    0.461    0.490    0.463    0.259    0.258
 2004    0.241    0.240    0.188    0.143    0.029    0.208    0.266    0.353    0.275    0.280    0.264    0.224
 2005    0.146    0.156    0.315    0.327    0.322    0.360    0.488    0.478    0.457    0.274    0.170    0.248
 2006    0.154    0.102    0.089    0.231    0.339    0.370    0.417    0.448    0.406    0.373    0.315    0.201
 2007    0.202    0.246    0.160    0.194    0.144    0.125    0.171    0.096    0.138    0.198    0.213    0.143
 2008    0.061    0.159    0.194    0.080    0.202    0.297    0.247    0.210    0.237    0.139    0.040    0.058
 2009   -0.022   -0.128   -0.129   -0.094   -0.030    0.161    0.268    0.191    0.096    0.208    0.107    0.122
 2010    0.077    0.210    0.322    0.466    0.495    0.485    0.492    0.569    0.491    0.367    0.278    0.249
 2011    0.182    0.144    0.092    0.129    0.182    0.215    0.136    0.189    0.192  -99.990  -99.990  -99.990
#  -99.99
#  AMO unsmoothed, detrended from the Kaplan SST V2
#  Calculated at NOAA/ESRL/PSD1
#  http://www.esrl.noaa.gov/psd/data/timeseriesimeseries/AMO/
