400.000000 0
401.000000 0.005
402.000000 0.01
403.000000 0.015
404.000000 0.02
405.000000 0.025
406.000000 0.03
407.000000 0.035
408.000000 0.04
409.000000 0.045
410.000000 0.05
411.000000 0.055
412.000000 0.06
413.000000 0.065
414.000000 0.07
415.000000 0.075
416.000000 0.08
417.000000 0.085
418.000000 0.09
419.000000 0.095
420.000000 0.1
421.000000 0.105
422.000000 0.11
423.000000 0.115
424.000000 0.12
425.000000 0.125
426.000000 0.13
427.000000 0.135
428.000000 0.14
429.000000 0.145
430.000000 0.15
431.000000 0.155
432.000000 0.16
433.000000 0.165
434.000000 0.17
435.000000 0.175
436.000000 0.18
437.000000 0.185
438.000000 0.19
439.000000 0.195
440.000000 0.2
441.000000 0.205
442.000000 0.21
443.000000 0.215
444.000000 0.22
445.000000 0.225
446.000000 0.23
447.000000 0.235
448.000000 0.24
449.000000 0.245
450.000000 0.25
451.000000 0.255
452.000000 0.26
453.000000 0.265
454.000000 0.27
455.000000 0.275
456.000000 0.28
457.000000 0.285
458.000000 0.29
459.000000 0.295
460.000000 0.3
461.000000 0.305
462.000000 0.31
463.000000 0.315
464.000000 0.32
465.000000 0.325
466.000000 0.33
467.000000 0.335
468.000000 0.34
469.000000 0.345
470.000000 0.35
471.000000 0.355
472.000000 0.36
473.000000 0.365
474.000000 0.37
475.000000 0.375
476.000000 0.38
477.000000 0.385
478.000000 0.39
479.000000 0.395
480.000000 0.4
481.000000 0.405
482.000000 0.41
483.000000 0.415
484.000000 0.42
485.000000 0.425
486.000000 0.43
487.000000 0.435
488.000000 0.44
489.000000 0.445
490.000000 0.45
491.000000 0.455
492.000000 0.46
493.000000 0.465
494.000000 0.47
495.000000 0.475
496.000000 0.48
497.000000 0.485
498.000000 0.49
499.000000 0.495
500.000000 0.5
501.000000 0.505
502.000000 0.51
503.000000 0.515
504.000000 0.52
505.000000 0.525
506.000000 0.53
507.000000 0.535
508.000000 0.54
509.000000 0.545
510.000000 0.55
511.000000 0.555
512.000000 0.56
513.000000 0.565
514.000000 0.57
515.000000 0.575
516.000000 0.58
517.000000 0.585
518.000000 0.59
519.000000 0.595
520.000000 0.6
521.000000 0.605
522.000000 0.61
523.000000 0.615
524.000000 0.62
525.000000 0.625
526.000000 0.63
527.000000 0.635
528.000000 0.64
529.000000 0.645
530.000000 0.65
531.000000 0.655
532.000000 0.66
533.000000 0.665
534.000000 0.67
535.000000 0.675
536.000000 0.68
537.000000 0.685
538.000000 0.69
539.000000 0.695
540.000000 0.7
541.000000 0.705
542.000000 0.71
543.000000 0.715
544.000000 0.72
545.000000 0.725
546.000000 0.73
547.000000 0.735
548.000000 0.74
549.000000 0.745
550.000000 0.75
551.000000 0.755
552.000000 0.76
553.000000 0.765
554.000000 0.77
555.000000 0.775
556.000000 0.78
557.000000 0.785
558.000000 0.79
559.000000 0.795
560.000000 0.8
561.000000 0.805
562.000000 0.81
563.000000 0.815
564.000000 0.82
565.000000 0.825
566.000000 0.83
567.000000 0.835
568.000000 0.84
569.000000 0.845
570.000000 0.85
571.000000 0.855
572.000000 0.86
573.000000 0.865
574.000000 0.87
575.000000 0.875
576.000000 0.88
577.000000 0.885
578.000000 0.89
579.000000 0.895
580.000000 0.9
581.000000 0.905
582.000000 0.91
583.000000 0.915
584.000000 0.92
585.000000 0.925
586.000000 0.93
587.000000 0.935
588.000000 0.94
589.000000 0.945
590.000000 0.95
591.000000 0.955
592.000000 0.96
593.000000 0.965
594.000000 0.97
595.000000 0.975
596.000000 0.98
597.000000 0.985
598.000000 0.99
599.000000 0.995
600.000000 1
601.000000 1.005
602.000000 1.01
603.000000 1.015
604.000000 1.02
605.000000 1.025
606.000000 1.03
607.000000 1.035
608.000000 1.04
609.000000 1.045
610.000000 1.05
611.000000 1.055
612.000000 1.06
613.000000 1.065
614.000000 1.07
615.000000 1.075
616.000000 1.08
617.000000 1.085
618.000000 1.09
619.000000 1.095
620.000000 1.1
621.000000 1.105
622.000000 1.11
623.000000 1.115
624.000000 1.12
625.000000 1.125
626.000000 1.13
627.000000 1.135
628.000000 1.14
629.000000 1.145
630.000000 1.15
631.000000 1.155
632.000000 1.16
633.000000 1.165
634.000000 1.17
635.000000 1.175
636.000000 1.18
637.000000 1.185
638.000000 1.19
639.000000 1.195
640.000000 1.2
641.000000 1.205
642.000000 1.21
643.000000 1.215
644.000000 1.22
645.000000 1.225
646.000000 1.23
647.000000 1.235
648.000000 1.24
649.000000 1.245
650.000000 1.25
651.000000 1.255
652.000000 1.26
653.000000 1.265
654.000000 1.27
655.000000 1.275
656.000000 1.28
657.000000 1.285
658.000000 1.29
659.000000 1.295
660.000000 1.3
661.000000 1.305
662.000000 1.31
663.000000 1.315
664.000000 1.32
665.000000 1.325
666.000000 1.33
667.000000 1.335
668.000000 1.34
669.000000 1.345
670.000000 1.35
671.000000 1.355
672.000000 1.36
673.000000 1.365
674.000000 1.37
675.000000 1.375
676.000000 1.38
677.000000 1.385
678.000000 1.39
679.000000 1.395
680.000000 1.4
681.000000 1.405
682.000000 1.41
683.000000 1.415
684.000000 1.42
685.000000 1.425
686.000000 1.43
687.000000 1.435
688.000000 1.44
689.000000 1.445
690.000000 1.45
691.000000 1.455
692.000000 1.46
693.000000 1.465
694.000000 1.47
695.000000 1.475
696.000000 1.48
697.000000 1.485
698.000000 1.49
699.000000 1.495
700.000000 1.5
701.000000 1.505
702.000000 1.51
703.000000 1.515
704.000000 1.52
705.000000 1.525
706.000000 1.53
707.000000 1.535
708.000000 1.54
709.000000 1.545
710.000000 1.55
711.000000 1.555
712.000000 1.56
713.000000 1.565
714.000000 1.57
715.000000 1.575
716.000000 1.58
717.000000 1.585
718.000000 1.59
719.000000 1.595
720.000000 1.6
721.000000 1.605
722.000000 1.61
723.000000 1.615
724.000000 1.62
725.000000 1.625
726.000000 1.63
727.000000 1.635
728.000000 1.64
729.000000 1.645
730.000000 1.65
731.000000 1.655
732.000000 1.66
733.000000 1.665
734.000000 1.67
735.000000 1.675
736.000000 1.68
737.000000 1.685
738.000000 1.69
739.000000 1.695
740.000000 1.7
741.000000 1.705
742.000000 1.71
743.000000 1.715
744.000000 1.72
745.000000 1.725
746.000000 1.73
747.000000 1.735
748.000000 1.74
749.000000 1.745
750.000000 1.75
751.000000 1.755
752.000000 1.76
753.000000 1.765
754.000000 1.77
755.000000 1.775
756.000000 1.78
757.000000 1.785
758.000000 1.79
759.000000 1.795
760.000000 1.8
761.000000 1.805
762.000000 1.81
763.000000 1.815
764.000000 1.82
765.000000 1.825
766.000000 1.83
767.000000 1.835
768.000000 1.84
769.000000 1.845
770.000000 1.85
771.000000 1.855
772.000000 1.86
773.000000 1.865
774.000000 1.87
775.000000 1.875
776.000000 1.88
777.000000 1.885
778.000000 1.89
779.000000 1.895
780.000000 1.9
781.000000 1.905
782.000000 1.91
783.000000 1.915
784.000000 1.92
785.000000 1.925
786.000000 1.93
787.000000 1.935
788.000000 1.94
789.000000 1.945
790.000000 1.95
791.000000 1.955
792.000000 1.96
793.000000 1.965
794.000000 1.97
795.000000 1.975
796.000000 1.98
797.000000 1.985
798.000000 1.99
799.000000 1.995
800.000000 2
801.000000 2.005
802.000000 2.01
803.000000 2.015
804.000000 2.02
805.000000 2.025
806.000000 2.03
807.000000 2.035
808.000000 2.04
809.000000 2.045
810.000000 2.05
811.000000 2.055
812.000000 2.06
813.000000 2.065
814.000000 2.07
815.000000 2.075
816.000000 2.08
817.000000 2.085
818.000000 2.09
819.000000 2.095
820.000000 2.1
821.000000 2.105
822.000000 2.11
823.000000 2.115
824.000000 2.12
825.000000 2.125
826.000000 2.13
827.000000 2.135
828.000000 2.14
829.000000 2.145
830.000000 2.15
831.000000 2.155
832.000000 2.16
833.000000 2.165
834.000000 2.17
835.000000 2.175
836.000000 2.18
837.000000 2.185
838.000000 2.19
839.000000 2.195
840.000000 2.2
841.000000 2.205
842.000000 2.21
843.000000 2.215
844.000000 2.22
845.000000 2.225
846.000000 2.23
847.000000 2.235
848.000000 2.24
849.000000 2.245
850.000000 2.25
851.000000 2.255
852.000000 2.26
853.000000 2.265
854.000000 2.27
855.000000 2.275
856.000000 2.28
857.000000 2.285
858.000000 2.29
859.000000 2.295
860.000000 2.3
861.000000 2.305
862.000000 2.31
863.000000 2.315
864.000000 2.32
865.000000 2.325
866.000000 2.33
867.000000 2.335
868.000000 2.34
869.000000 2.345
870.000000 2.35
871.000000 2.355
872.000000 2.36
873.000000 2.365
874.000000 2.37
875.000000 2.375
876.000000 2.38
877.000000 2.385
878.000000 2.39
879.000000 2.395
880.000000 2.4
881.000000 2.405
882.000000 2.41
883.000000 2.415
884.000000 2.42
885.000000 2.425
886.000000 2.43
887.000000 2.435
888.000000 2.44
889.000000 2.445
890.000000 2.45
891.000000 2.455
892.000000 2.46
893.000000 2.465
894.000000 2.47
895.000000 2.475
896.000000 2.48
897.000000 2.485
898.000000 2.49
899.000000 2.495
900.000000 2.5
901.000000 2.505
902.000000 2.51
903.000000 2.515
904.000000 2.52
905.000000 2.525
906.000000 2.53
907.000000 2.535
908.000000 2.54
909.000000 2.545
910.000000 2.55
911.000000 2.555
912.000000 2.56
913.000000 2.565
914.000000 2.57
915.000000 2.575
916.000000 2.58
917.000000 2.585
918.000000 2.59
919.000000 2.595
920.000000 2.6
921.000000 2.605
922.000000 2.61
923.000000 2.615
924.000000 2.62
925.000000 2.625
926.000000 2.63
927.000000 2.635
928.000000 2.64
929.000000 2.645
930.000000 2.65
931.000000 2.655
932.000000 2.66
933.000000 2.665
934.000000 2.67
935.000000 2.675
936.000000 2.68
937.000000 2.685
938.000000 2.69
939.000000 2.695
940.000000 2.7
941.000000 2.705
942.000000 2.71
943.000000 2.715
944.000000 2.72
945.000000 2.725
946.000000 2.73
947.000000 2.735
948.000000 2.74
949.000000 2.745
950.000000 2.75
951.000000 2.755
952.000000 2.76
953.000000 2.765
954.000000 2.77
955.000000 2.775
956.000000 2.78
957.000000 2.785
958.000000 2.79
959.000000 2.795
960.000000 2.8
961.000000 2.805
962.000000 2.81
963.000000 2.815
964.000000 2.82
965.000000 2.825
966.000000 2.83
967.000000 2.835
968.000000 2.84
969.000000 2.845
970.000000 2.85
971.000000 2.855
972.000000 2.86
973.000000 2.865
974.000000 2.87
975.000000 2.875
976.000000 2.88
977.000000 2.885
978.000000 2.89
979.000000 2.895
980.000000 2.9
981.000000 2.905
982.000000 2.91
983.000000 2.915
984.000000 2.92
985.000000 2.925
986.000000 2.93
987.000000 2.935
988.000000 2.94
989.000000 2.945
990.000000 2.95
991.000000 2.955
992.000000 2.96
993.000000 2.965
994.000000 2.97
995.000000 2.975
996.000000 2.98
997.000000 2.985
998.000000 2.99
999.000000 2.995
1000.000000 3
1001.000000 3.005
1002.000000 3.01
1003.000000 3.015
1004.000000 3.02
1005.000000 3.025
1006.000000 3.03
1007.000000 3.035
1008.000000 3.04
1009.000000 3.045
1010.000000 3.05
1011.000000 3.055
1012.000000 3.06
1013.000000 3.065
1014.000000 3.07
1015.000000 3.075
1016.000000 3.08
1017.000000 3.085
1018.000000 3.09
1019.000000 3.095
1020.000000 3.1
1021.000000 3.105
1022.000000 3.11
1023.000000 3.115
1024.000000 3.12
1025.000000 3.125
1026.000000 3.13
1027.000000 3.135
1028.000000 3.14
1029.000000 3.145
1030.000000 3.15
1031.000000 3.155
1032.000000 3.16
1033.000000 3.165
1034.000000 3.17
1035.000000 3.175
1036.000000 3.18
1037.000000 3.185
1038.000000 3.19
1039.000000 3.195
1040.000000 3.2
1041.000000 3.205
1042.000000 3.21
1043.000000 3.215
1044.000000 3.22
1045.000000 3.225
1046.000000 3.23
1047.000000 3.235
1048.000000 3.24
1049.000000 3.245
1050.000000 3.25
1051.000000 3.255
1052.000000 3.26
1053.000000 3.265
1054.000000 3.27
1055.000000 3.275
1056.000000 3.28
1057.000000 3.285
1058.000000 3.29
1059.000000 3.295
1060.000000 3.3
1061.000000 3.305
1062.000000 3.31
1063.000000 3.315
1064.000000 3.32
1065.000000 3.325
1066.000000 3.33
1067.000000 3.335
1068.000000 3.34
1069.000000 3.345
1070.000000 3.35
1071.000000 3.355
1072.000000 3.36
1073.000000 3.365
1074.000000 3.37
1075.000000 3.375
1076.000000 3.38
1077.000000 3.385
1078.000000 3.39
1079.000000 3.395
1080.000000 3.4
1081.000000 3.405
1082.000000 3.41
1083.000000 3.415
1084.000000 3.42
1085.000000 3.425
1086.000000 3.43
1087.000000 3.435
1088.000000 3.44
1089.000000 3.445
1090.000000 3.45
1091.000000 3.455
1092.000000 3.46
1093.000000 3.465
1094.000000 3.47
1095.000000 3.475
1096.000000 3.48
1097.000000 3.485
1098.000000 3.49
1099.000000 3.495
1100.000000 3.5
1101.000000 3.505
1102.000000 3.51
1103.000000 3.515
1104.000000 3.52
1105.000000 3.525
1106.000000 3.53
1107.000000 3.535
1108.000000 3.54
1109.000000 3.545
1110.000000 3.55
1111.000000 3.555
1112.000000 3.56
1113.000000 3.565
1114.000000 3.57
1115.000000 3.575
1116.000000 3.58
1117.000000 3.585
1118.000000 3.59
1119.000000 3.595
1120.000000 3.6
1121.000000 3.605
1122.000000 3.61
1123.000000 3.615
1124.000000 3.62
1125.000000 3.625
1126.000000 3.63
1127.000000 3.635
1128.000000 3.64
1129.000000 3.645
1130.000000 3.65
1131.000000 3.655
1132.000000 3.66
1133.000000 3.665
1134.000000 3.67
1135.000000 3.675
1136.000000 3.68
1137.000000 3.685
1138.000000 3.69
1139.000000 3.695
1140.000000 3.7
1141.000000 3.705
1142.000000 3.71
1143.000000 3.715
1144.000000 3.72
1145.000000 3.725
1146.000000 3.73
1147.000000 3.735
1148.000000 3.74
1149.000000 3.745
1150.000000 3.75
1151.000000 3.755
1152.000000 3.76
1153.000000 3.765
1154.000000 3.77
1155.000000 3.775
1156.000000 3.78
1157.000000 3.785
1158.000000 3.79
1159.000000 3.795
1160.000000 3.8
1161.000000 3.805
1162.000000 3.81
1163.000000 3.815
1164.000000 3.82
1165.000000 3.825
1166.000000 3.83
1167.000000 3.835
1168.000000 3.84
1169.000000 3.845
1170.000000 3.85
1171.000000 3.855
1172.000000 3.86
1173.000000 3.865
1174.000000 3.87
1175.000000 3.875
1176.000000 3.88
1177.000000 3.885
1178.000000 3.89
1179.000000 3.895
1180.000000 3.9
1181.000000 3.905
1182.000000 3.91
1183.000000 3.915
1184.000000 3.92
1185.000000 3.925
1186.000000 3.93
1187.000000 3.935
1188.000000 3.94
1189.000000 3.945
1190.000000 3.95
1191.000000 3.955
1192.000000 3.96
1193.000000 3.965
1194.000000 3.97
1195.000000 3.975
1196.000000 3.98
1197.000000 3.985
1198.000000 3.99
1199.000000 3.995
1200.000000 4
1201.000000 4.005
1202.000000 4.01
1203.000000 4.015
1204.000000 4.02
1205.000000 4.025
1206.000000 4.03
1207.000000 4.035
1208.000000 4.04
1209.000000 4.045
1210.000000 4.05
1211.000000 4.055
1212.000000 4.06
1213.000000 4.065
1214.000000 4.07
1215.000000 4.075
1216.000000 4.08
1217.000000 4.085
1218.000000 4.09
1219.000000 4.095
1220.000000 4.1
1221.000000 4.105
1222.000000 4.11
1223.000000 4.115
1224.000000 4.12
1225.000000 4.125
1226.000000 4.13
1227.000000 4.135
1228.000000 4.14
1229.000000 4.145
1230.000000 4.15
1231.000000 4.155
1232.000000 4.16
1233.000000 4.165
1234.000000 4.17
1235.000000 4.175
1236.000000 4.18
1237.000000 4.185
1238.000000 4.19
1239.000000 4.195
1240.000000 4.2
1241.000000 4.205
1242.000000 4.21
1243.000000 4.215
1244.000000 4.22
1245.000000 4.225
1246.000000 4.23
1247.000000 4.235
1248.000000 4.24
1249.000000 4.245
1250.000000 4.25
1251.000000 4.255
1252.000000 4.26
1253.000000 4.265
1254.000000 4.27
1255.000000 4.275
1256.000000 4.28
1257.000000 4.285
1258.000000 4.29
1259.000000 4.295
1260.000000 4.3
1261.000000 4.305
1262.000000 4.31
1263.000000 4.315
1264.000000 4.32
1265.000000 4.325
1266.000000 4.33
1267.000000 4.335
1268.000000 4.34
1269.000000 4.345
1270.000000 4.35
1271.000000 4.355
1272.000000 4.36
1273.000000 4.365
1274.000000 4.37
1275.000000 4.375
1276.000000 4.38
1277.000000 4.385
1278.000000 4.39
1279.000000 4.395
1280.000000 4.4
1281.000000 4.405
1282.000000 4.41
1283.000000 4.415
1284.000000 4.42
1285.000000 4.425
1286.000000 4.43
1287.000000 4.435
1288.000000 4.44
1289.000000 4.445
1290.000000 4.45
1291.000000 4.455
1292.000000 4.46
1293.000000 4.465
1294.000000 4.47
1295.000000 4.475
1296.000000 4.48
1297.000000 4.485
1298.000000 4.49
1299.000000 4.495
1300.000000 4.5
1301.000000 4.505
1302.000000 4.51
1303.000000 4.515
1304.000000 4.52
1305.000000 4.525
1306.000000 4.53
1307.000000 4.535
1308.000000 4.54
1309.000000 4.545
1310.000000 4.55
1311.000000 4.555
1312.000000 4.56
1313.000000 4.565
1314.000000 4.57
1315.000000 4.575
1316.000000 4.58
1317.000000 4.585
1318.000000 4.59
1319.000000 4.595
1320.000000 4.6
1321.000000 4.605
1322.000000 4.61
1323.000000 4.615
1324.000000 4.62
1325.000000 4.625
1326.000000 4.63
1327.000000 4.635
1328.000000 4.64
1329.000000 4.645
1330.000000 4.65
1331.000000 4.655
1332.000000 4.66
1333.000000 4.665
1334.000000 4.67
1335.000000 4.675
1336.000000 4.68
1337.000000 4.685
1338.000000 4.69
1339.000000 4.695
1340.000000 4.7
1341.000000 4.705
1342.000000 4.71
1343.000000 4.715
1344.000000 4.72
1345.000000 4.725
1346.000000 4.73
1347.000000 4.735
1348.000000 4.74
1349.000000 4.745
1350.000000 4.75
1351.000000 4.755
1352.000000 4.76
1353.000000 4.765
1354.000000 4.77
1355.000000 4.775
1356.000000 4.78
1357.000000 4.785
1358.000000 4.79
1359.000000 4.795
1360.000000 4.8
1361.000000 4.805
1362.000000 4.81
1363.000000 4.815
1364.000000 4.82
1365.000000 4.825
1366.000000 4.83
1367.000000 4.835
1368.000000 4.84
1369.000000 4.845
1370.000000 4.85
1371.000000 4.855
1372.000000 4.86
1373.000000 4.865
1374.000000 4.87
1375.000000 4.875
1376.000000 4.88
1377.000000 4.885
1378.000000 4.89
1379.000000 4.895
1380.000000 4.9
1381.000000 4.905
1382.000000 4.91
1383.000000 4.915
1384.000000 4.92
1385.000000 4.925
1386.000000 4.93
1387.000000 4.935
1388.000000 4.94
1389.000000 4.945
1390.000000 4.95
1391.000000 4.955
1392.000000 4.96
1393.000000 4.965
1394.000000 4.97
1395.000000 4.975
1396.000000 4.98
1397.000000 4.985
1398.000000 4.99
1399.000000 4.995
1400.000000 5
1401.000000 5.005
1402.000000 5.01
1403.000000 5.015
1404.000000 5.02
1405.000000 5.025
1406.000000 5.03
1407.000000 5.035
1408.000000 5.04
1409.000000 5.045
1410.000000 5.05
1411.000000 5.055
1412.000000 5.06
1413.000000 5.065
1414.000000 5.07
1415.000000 5.075
1416.000000 5.08
1417.000000 5.085
1418.000000 5.09
1419.000000 5.095
1420.000000 5.1
1421.000000 5.105
1422.000000 5.11
1423.000000 5.115
1424.000000 5.12
1425.000000 5.125
1426.000000 5.13
1427.000000 5.135
1428.000000 5.14
1429.000000 5.145
1430.000000 5.15
1431.000000 5.155
1432.000000 5.16
1433.000000 5.165
1434.000000 5.17
1435.000000 5.175
1436.000000 5.18
1437.000000 5.185
1438.000000 5.19
1439.000000 5.195
1440.000000 5.2
1441.000000 5.205
1442.000000 5.21
1443.000000 5.215
1444.000000 5.22
1445.000000 5.225
1446.000000 5.23
1447.000000 5.235
1448.000000 5.24
1449.000000 5.245
1450.000000 5.25
1451.000000 5.255
1452.000000 5.26
1453.000000 5.265
1454.000000 5.27
1455.000000 5.275
1456.000000 5.28
1457.000000 5.285
1458.000000 5.29
1459.000000 5.295
1460.000000 5.3
1461.000000 5.305
1462.000000 5.31
1463.000000 5.315
1464.000000 5.32
1465.000000 5.325
1466.000000 5.33
1467.000000 5.335
1468.000000 5.34
1469.000000 5.345
1470.000000 5.35
1471.000000 5.355
1472.000000 5.36
1473.000000 5.365
1474.000000 5.37
1475.000000 5.375
1476.000000 5.38
1477.000000 5.385
1478.000000 5.39
1479.000000 5.395
1480.000000 5.4
1481.000000 5.405
1482.000000 5.41
1483.000000 5.415
1484.000000 5.42
1485.000000 5.425
1486.000000 5.43
1487.000000 5.435
1488.000000 5.44
1489.000000 5.445
1490.000000 5.45
1491.000000 5.455
1492.000000 5.46
1493.000000 5.465
1494.000000 5.47
1495.000000 5.475
1496.000000 5.48
1497.000000 5.485
1498.000000 5.49
1499.000000 5.495
1500.000000 5.5
1501.000000 5.505
1502.000000 5.51
1503.000000 5.515
1504.000000 5.52
1505.000000 5.525
1506.000000 5.53
1507.000000 5.535
1508.000000 5.54
1509.000000 5.545
1510.000000 5.55
1511.000000 5.555
1512.000000 5.56
1513.000000 5.565
1514.000000 5.57
1515.000000 5.575
1516.000000 5.58
1517.000000 5.585
1518.000000 5.59
1519.000000 5.595
1520.000000 5.6
1521.000000 5.605
1522.000000 5.61
1523.000000 5.615
1524.000000 5.62
1525.000000 5.625
1526.000000 5.63
1527.000000 5.635
1528.000000 5.64
1529.000000 5.645
1530.000000 5.65
1531.000000 5.655
1532.000000 5.66
1533.000000 5.665
1534.000000 5.67
1535.000000 5.675
1536.000000 5.68
1537.000000 5.685
1538.000000 5.69
1539.000000 5.695
1540.000000 5.7
1541.000000 5.705
1542.000000 5.71
1543.000000 5.715
1544.000000 5.72
1545.000000 5.725
1546.000000 5.73
1547.000000 5.735
1548.000000 5.74
1549.000000 5.745
1550.000000 5.75
1551.000000 5.755
1552.000000 5.76
1553.000000 5.765
1554.000000 5.77
1555.000000 5.775
1556.000000 5.78
1557.000000 5.785
1558.000000 5.79
1559.000000 5.795
1560.000000 5.8
1561.000000 5.805
1562.000000 5.81
1563.000000 5.815
1564.000000 5.82
1565.000000 5.825
1566.000000 5.83
1567.000000 5.835
1568.000000 5.84
1569.000000 5.845
1570.000000 5.85
1571.000000 5.855
1572.000000 5.86
1573.000000 5.865
1574.000000 5.87
1575.000000 5.875
1576.000000 5.88
1577.000000 5.885
1578.000000 5.89
1579.000000 5.895
1580.000000 5.9
1581.000000 5.905
1582.000000 5.91
1583.000000 5.915
1584.000000 5.92
1585.000000 5.925
1586.000000 5.93
1587.000000 5.935
1588.000000 5.94
1589.000000 5.945
1590.000000 5.95
1591.000000 5.955
1592.000000 5.96
1593.000000 5.965
1594.000000 5.97
1595.000000 5.975
1596.000000 5.98
1597.000000 5.985
1598.000000 5.99
1599.000000 5.995
1600.000000 6
1601.000000 6.005
1602.000000 6.01
1603.000000 6.015
1604.000000 6.02
1605.000000 6.025
1606.000000 6.03
1607.000000 6.035
1608.000000 6.04
1609.000000 6.045
1610.000000 6.05
1611.000000 6.055
1612.000000 6.06
1613.000000 6.065
1614.000000 6.07
1615.000000 6.075
1616.000000 6.08
1617.000000 6.085
1618.000000 6.09
1619.000000 6.095
1620.000000 6.1
1621.000000 6.105
1622.000000 6.11
1623.000000 6.115
1624.000000 6.12
1625.000000 6.125
1626.000000 6.13
1627.000000 6.135
1628.000000 6.14
1629.000000 6.145
1630.000000 6.15
1631.000000 6.155
1632.000000 6.16
1633.000000 6.165
1634.000000 6.17
1635.000000 6.175
1636.000000 6.18
1637.000000 6.185
1638.000000 6.19
1639.000000 6.195
1640.000000 6.2
1641.000000 6.205
1642.000000 6.21
1643.000000 6.215
1644.000000 6.22
1645.000000 6.225
1646.000000 6.23
1647.000000 6.235
1648.000000 6.24
1649.000000 6.245
1650.000000 6.25
1651.000000 6.255
1652.000000 6.26
1653.000000 6.265
1654.000000 6.27
1655.000000 6.275
1656.000000 6.28
1657.000000 6.285
1658.000000 6.29
1659.000000 6.295
1660.000000 6.3
1661.000000 6.305
1662.000000 6.31
1663.000000 6.315
1664.000000 6.32
1665.000000 6.325
1666.000000 6.33
1667.000000 6.335
1668.000000 6.34
1669.000000 6.345
1670.000000 6.35
1671.000000 6.355
1672.000000 6.36
1673.000000 6.365
1674.000000 6.37
1675.000000 6.375
1676.000000 6.38
1677.000000 6.385
1678.000000 6.39
1679.000000 6.395
1680.000000 6.4
1681.000000 6.405
1682.000000 6.41
1683.000000 6.415
1684.000000 6.42
1685.000000 6.425
1686.000000 6.43
1687.000000 6.435
1688.000000 6.44
1689.000000 6.445
1690.000000 6.45
1691.000000 6.455
1692.000000 6.46
1693.000000 6.465
1694.000000 6.47
1695.000000 6.475
1696.000000 6.48
1697.000000 6.485
1698.000000 6.49
1699.000000 6.495
1700.000000 6.5
1701.000000 6.505
1702.000000 6.51
1703.000000 6.515
1704.000000 6.52
1705.000000 6.525
1706.000000 6.53
1707.000000 6.535
1708.000000 6.54
1709.000000 6.545
1710.000000 6.55
1711.000000 6.555
1712.000000 6.56
1713.000000 6.565
1714.000000 6.57
1715.000000 6.575
1716.000000 6.58
1717.000000 6.585
1718.000000 6.59
1719.000000 6.595
1720.000000 6.6
1721.000000 6.605
1722.000000 6.61
1723.000000 6.615
1724.000000 6.62
1725.000000 6.625
1726.000000 6.63
1727.000000 6.635
1728.000000 6.64
1729.000000 6.645
1730.000000 6.65
1731.000000 6.655
1732.000000 6.66
1733.000000 6.665
1734.000000 6.67
1735.000000 6.675
1736.000000 6.68
1737.000000 6.685
1738.000000 6.69
1739.000000 6.695
1740.000000 6.7
1741.000000 6.705
1742.000000 6.71
1743.000000 6.715
1744.000000 6.72
1745.000000 6.725
1746.000000 6.73
1747.000000 6.735
1748.000000 6.74
1749.000000 6.745
1750.000000 6.75
1751.000000 6.755
1752.000000 6.76
1753.000000 6.765
1754.000000 6.77
1755.000000 6.775
1756.000000 6.78
1757.000000 6.785
1758.000000 6.79
1759.000000 6.795
1760.000000 6.8
1761.000000 6.805
1762.000000 6.81
1763.000000 6.815
1764.000000 6.82
1765.000000 6.825
1766.000000 6.83
1767.000000 6.835
1768.000000 6.84
1769.000000 6.845
1770.000000 6.85
1771.000000 6.855
1772.000000 6.86
1773.000000 6.865
1774.000000 6.87
1775.000000 6.875
1776.000000 6.88
1777.000000 6.885
1778.000000 6.89
1779.000000 6.895
1780.000000 6.9
1781.000000 6.905
1782.000000 6.91
1783.000000 6.915
1784.000000 6.92
1785.000000 6.925
1786.000000 6.93
1787.000000 6.935
1788.000000 6.94
1789.000000 6.945
1790.000000 6.95
1791.000000 6.955
1792.000000 6.96
1793.000000 6.965
1794.000000 6.97
1795.000000 6.975
1796.000000 6.98
1797.000000 6.985
1798.000000 6.99
1799.000000 6.995
1800.000000 7
1801.000000 7.005
1802.000000 7.01
1803.000000 7.015
1804.000000 7.02
1805.000000 7.025
1806.000000 7.03
1807.000000 7.035
1808.000000 7.04
1809.000000 7.045
1810.000000 7.05
1811.000000 7.055
1812.000000 7.06
1813.000000 7.065
1814.000000 7.07
1815.000000 7.075
1816.000000 7.08
1817.000000 7.085
1818.000000 7.09
1819.000000 7.095
1820.000000 7.1
1821.000000 7.105
1822.000000 7.11
1823.000000 7.115
1824.000000 7.12
1825.000000 7.125
1826.000000 7.13
1827.000000 7.135
1828.000000 7.14
1829.000000 7.145
1830.000000 7.15
1831.000000 7.155
1832.000000 7.16
1833.000000 7.165
1834.000000 7.17
1835.000000 7.175
1836.000000 7.18
1837.000000 7.185
1838.000000 7.19
1839.000000 7.195
1840.000000 7.2
1841.000000 7.205
1842.000000 7.21
1843.000000 7.215
1844.000000 7.22
1845.000000 7.225
1846.000000 7.23
1847.000000 7.235
1848.000000 7.24
1849.000000 7.245
1850.000000 7.25
1851.000000 7.255
1852.000000 7.26
1853.000000 7.265
1854.000000 7.27
1855.000000 7.275
1856.000000 7.28
1857.000000 7.285
1858.000000 7.29
1859.000000 7.295
1860.000000 7.3
1861.000000 7.305
1862.000000 7.31
1863.000000 7.315
1864.000000 7.32
1865.000000 7.325
1866.000000 7.33
1867.000000 7.335
1868.000000 7.34
1869.000000 7.345
1870.000000 7.35
1871.000000 7.355
1872.000000 7.36
1873.000000 7.365
1874.000000 7.37
1875.000000 7.375
1876.000000 7.38
1877.000000 7.385
1878.000000 7.39
1879.000000 7.395
1880.000000 7.4
1881.000000 7.405
1882.000000 7.41
1883.000000 7.415
1884.000000 7.42
1885.000000 7.425
1886.000000 7.43
1887.000000 7.435
1888.000000 7.44
1889.000000 7.445
1890.000000 7.45
1891.000000 7.455
1892.000000 7.46
1893.000000 7.465
1894.000000 7.47
1895.000000 7.475
1896.000000 7.48
1897.000000 7.485
1898.000000 7.49
1899.000000 7.495
1900.000000 7.5
1901.000000 7.505
1902.000000 7.51
1903.000000 7.515
1904.000000 7.52
1905.000000 7.525
1906.000000 7.53
1907.000000 7.535
1908.000000 7.54
1909.000000 7.545
1910.000000 7.55
1911.000000 7.555
1912.000000 7.56
1913.000000 7.565
1914.000000 7.57
1915.000000 7.575
1916.000000 7.58
1917.000000 7.585
1918.000000 7.59
1919.000000 7.595
1920.000000 7.6
1921.000000 7.605
1922.000000 7.61
1923.000000 7.615
1924.000000 7.62
1925.000000 7.625
1926.000000 7.63
1927.000000 7.635
1928.000000 7.64
1929.000000 7.645
1930.000000 7.65
1931.000000 7.655
1932.000000 7.66
1933.000000 7.665
1934.000000 7.67
1935.000000 7.675
1936.000000 7.68
1937.000000 7.685
1938.000000 7.69
1939.000000 7.695
1940.000000 7.7
1941.000000 7.705
1942.000000 7.71
1943.000000 7.715
1944.000000 7.72
1945.000000 7.725
1946.000000 7.73
1947.000000 7.735
1948.000000 7.74
1949.000000 7.745
1950.000000 7.75
1951.000000 7.755
1952.000000 7.76
1953.000000 7.765
1954.000000 7.77
1955.000000 7.775
1956.000000 7.78
1957.000000 7.785
1958.000000 7.79
1959.000000 7.795
1960.000000 7.8
1961.000000 7.805
1962.000000 7.81
1963.000000 7.815
1964.000000 7.82
1965.000000 7.825
1966.000000 7.83
1967.000000 7.835
1968.000000 7.84
1969.000000 7.845
1970.000000 7.85
1971.000000 7.855
1972.000000 7.86
1973.000000 7.865
1974.000000 7.87
1975.000000 7.875
1976.000000 7.88
1977.000000 7.885
1978.000000 7.89
1979.000000 7.895
1980.000000 7.9
1981.000000 7.905
1982.000000 7.91
1983.000000 7.915
1984.000000 7.92
1985.000000 7.925
1986.000000 7.93
1987.000000 7.935
1988.000000 7.94
1989.000000 7.945
1990.000000 7.95
1991.000000 7.955
1992.000000 7.96
1993.000000 7.965
1994.000000 7.97
1995.000000 7.975
1996.000000 7.98
1997.000000 7.985
1998.000000 7.99
1999.000000 7.995
2000.000000 8
2001.000000 8.005
2002.000000 8.01
2003.000000 8.015
2004.000000 8.02
2005.000000 8.025
2006.000000 8.03
2007.000000 8.035
2008.000000 8.04
2009.000000 8.045
2010.000000 8.05
2011.000000 8.055
2012.000000 8.06
2013.000000 8.065
2014.000000 8.07
2015.000000 8.075
2016.000000 8.08
2017.000000 8.085
2018.000000 8.09
2019.000000 8.095
2020.000000 8.1
2021.000000 8.105
2022.000000 8.11
2023.000000 8.115
2024.000000 8.12
2025.000000 8.125
2026.000000 8.13
2027.000000 8.135
2028.000000 8.14
2029.000000 8.145
2030.000000 8.15
2031.000000 8.155
2032.000000 8.16
2033.000000 8.165
2034.000000 8.17
2035.000000 8.175
2036.000000 8.18
2037.000000 8.185
2038.000000 8.19
2039.000000 8.195
2040.000000 8.2
2041.000000 8.205
2042.000000 8.21
2043.000000 8.215
2044.000000 8.22
2045.000000 8.225
2046.000000 8.23
2047.000000 8.235
2048.000000 8.24
2049.000000 8.245
2050.000000 8.25
2051.000000 8.255
2052.000000 8.26
2053.000000 8.265
2054.000000 8.27
2055.000000 8.275
2056.000000 8.28
2057.000000 8.285
2058.000000 8.29
2059.000000 8.295
2060.000000 8.3
2061.000000 8.305
2062.000000 8.31
2063.000000 8.315
2064.000000 8.32
2065.000000 8.325
2066.000000 8.33
2067.000000 8.335
2068.000000 8.34
2069.000000 8.345
2070.000000 8.35
2071.000000 8.355
2072.000000 8.36
2073.000000 8.365
2074.000000 8.37
2075.000000 8.375
2076.000000 8.38
2077.000000 8.385
2078.000000 8.39
2079.000000 8.395
2080.000000 8.4
2081.000000 8.405
2082.000000 8.41
2083.000000 8.415
2084.000000 8.42
2085.000000 8.425
2086.000000 8.43
2087.000000 8.435
2088.000000 8.44
2089.000000 8.445
2090.000000 8.45
2091.000000 8.455
2092.000000 8.46
2093.000000 8.465
2094.000000 8.47
2095.000000 8.475
2096.000000 8.48
2097.000000 8.485
2098.000000 8.49
2099.000000 8.495
2100.000000 8.5
2101.000000 8.505
2102.000000 8.51
2103.000000 8.515
2104.000000 8.52
2105.000000 8.525
2106.000000 8.53
2107.000000 8.535
2108.000000 8.54
2109.000000 8.545
2110.000000 8.55
2111.000000 8.555
2112.000000 8.56
2113.000000 8.565
2114.000000 8.57
2115.000000 8.575
2116.000000 8.58
2117.000000 8.585
2118.000000 8.59
2119.000000 8.595
2120.000000 8.6
2121.000000 8.605
2122.000000 8.61
2123.000000 8.615
2124.000000 8.62
2125.000000 8.625
2126.000000 8.63
2127.000000 8.635
2128.000000 8.64
2129.000000 8.645
2130.000000 8.65
2131.000000 8.655
2132.000000 8.66
2133.000000 8.665
2134.000000 8.67
2135.000000 8.675
2136.000000 8.68
2137.000000 8.685
2138.000000 8.69
2139.000000 8.695
2140.000000 8.7
2141.000000 8.705
2142.000000 8.71
2143.000000 8.715
2144.000000 8.72
2145.000000 8.725
2146.000000 8.73
2147.000000 8.735
2148.000000 8.74
2149.000000 8.745
2150.000000 8.75
2151.000000 8.755
2152.000000 8.76
2153.000000 8.765
2154.000000 8.77
2155.000000 8.775
2156.000000 8.78
2157.000000 8.785
2158.000000 8.79
2159.000000 8.795
2160.000000 8.8
2161.000000 8.805
2162.000000 8.81
2163.000000 8.815
2164.000000 8.82
2165.000000 8.825
2166.000000 8.83
2167.000000 8.835
2168.000000 8.84
2169.000000 8.845
2170.000000 8.85
2171.000000 8.855
2172.000000 8.86
2173.000000 8.865
2174.000000 8.87
2175.000000 8.875
2176.000000 8.88
2177.000000 8.885
2178.000000 8.89
2179.000000 8.895
2180.000000 8.9
2181.000000 8.905
2182.000000 8.91
2183.000000 8.915
2184.000000 8.92
2185.000000 8.925
2186.000000 8.93
2187.000000 8.935
2188.000000 8.94
2189.000000 8.945
2190.000000 8.95
2191.000000 8.955
2192.000000 8.96
2193.000000 8.965
2194.000000 8.97
2195.000000 8.975
2196.000000 8.98
2197.000000 8.985
2198.000000 8.99
2199.000000 8.995
2200.000000 9
2201.000000 9.005
2202.000000 9.01
2203.000000 9.015
2204.000000 9.02
2205.000000 9.025
2206.000000 9.03
2207.000000 9.035
2208.000000 9.04
2209.000000 9.045
2210.000000 9.05
2211.000000 9.055
2212.000000 9.06
2213.000000 9.065
2214.000000 9.07
2215.000000 9.075
2216.000000 9.08
2217.000000 9.085
2218.000000 9.09
2219.000000 9.095
2220.000000 9.1
2221.000000 9.105
2222.000000 9.11
2223.000000 9.115
2224.000000 9.12
2225.000000 9.125
2226.000000 9.13
2227.000000 9.135
2228.000000 9.14
2229.000000 9.145
2230.000000 9.15
2231.000000 9.155
2232.000000 9.16
2233.000000 9.165
2234.000000 9.17
2235.000000 9.175
2236.000000 9.18
2237.000000 9.185
2238.000000 9.19
2239.000000 9.195
2240.000000 9.2
2241.000000 9.205
2242.000000 9.21
2243.000000 9.215
2244.000000 9.22
2245.000000 9.225
2246.000000 9.23
2247.000000 9.235
2248.000000 9.24
2249.000000 9.245
2250.000000 9.25
2251.000000 9.255
2252.000000 9.26
2253.000000 9.265
2254.000000 9.27
2255.000000 9.275
2256.000000 9.28
2257.000000 9.285
2258.000000 9.29
2259.000000 9.295
2260.000000 9.3
2261.000000 9.305
2262.000000 9.31
2263.000000 9.315
2264.000000 9.32
2265.000000 9.325
2266.000000 9.33
2267.000000 9.335
2268.000000 9.34
2269.000000 9.345
2270.000000 9.35
2271.000000 9.355
2272.000000 9.36
2273.000000 9.365
2274.000000 9.37
2275.000000 9.375
2276.000000 9.38
2277.000000 9.385
2278.000000 9.39
2279.000000 9.395
2280.000000 9.4
2281.000000 9.405
2282.000000 9.41
2283.000000 9.415
2284.000000 9.42
2285.000000 9.425
2286.000000 9.43
2287.000000 9.435
2288.000000 9.44
2289.000000 9.445
2290.000000 9.45
2291.000000 9.455
2292.000000 9.46
2293.000000 9.465
2294.000000 9.47
2295.000000 9.475
2296.000000 9.48
2297.000000 9.485
2298.000000 9.49
2299.000000 9.495
2300.000000 9.5
2301.000000 9.505
2302.000000 9.51
2303.000000 9.515
2304.000000 9.52
2305.000000 9.525
2306.000000 9.53
2307.000000 9.535
2308.000000 9.54
2309.000000 9.545
2310.000000 9.55
2311.000000 9.555
2312.000000 9.56
2313.000000 9.565
2314.000000 9.57
2315.000000 9.575
2316.000000 9.58
2317.000000 9.585
2318.000000 9.59
2319.000000 9.595
2320.000000 9.6
2321.000000 9.605
2322.000000 9.61
2323.000000 9.615
2324.000000 9.62
2325.000000 9.625
2326.000000 9.63
2327.000000 9.635
2328.000000 9.64
2329.000000 9.645
2330.000000 9.65
2331.000000 9.655
2332.000000 9.66
2333.000000 9.665
2334.000000 9.67
2335.000000 9.675
2336.000000 9.68
2337.000000 9.685
2338.000000 9.69
2339.000000 9.695
2340.000000 9.7
2341.000000 9.705
2342.000000 9.71
2343.000000 9.715
2344.000000 9.72
2345.000000 9.725
2346.000000 9.73
2347.000000 9.735
2348.000000 9.74
2349.000000 9.745
2350.000000 9.75
2351.000000 9.755
2352.000000 9.76
2353.000000 9.765
2354.000000 9.77
2355.000000 9.775
2356.000000 9.78
2357.000000 9.785
2358.000000 9.79
2359.000000 9.795
2360.000000 9.8
2361.000000 9.805
2362.000000 9.81
2363.000000 9.815
2364.000000 9.82
2365.000000 9.825
2366.000000 9.83
2367.000000 9.835
2368.000000 9.84
2369.000000 9.845
2370.000000 9.85
2371.000000 9.855
2372.000000 9.86
2373.000000 9.865
2374.000000 9.87
2375.000000 9.875
2376.000000 9.88
2377.000000 9.885
2378.000000 9.89
2379.000000 9.895
2380.000000 9.9
2381.000000 9.905
2382.000000 9.91
2383.000000 9.915
2384.000000 9.92
2385.000000 9.925
2386.000000 9.93
2387.000000 9.935
2388.000000 9.94
2389.000000 9.945
2390.000000 9.95
2391.000000 9.955
2392.000000 9.96
2393.000000 9.965
2394.000000 9.97
2395.000000 9.975
2396.000000 9.98
2397.000000 9.985
2398.000000 9.99
2399.000000 9.995
2400.000000 10
