400.000000 0.075776
401.000000 0.075687
402.000000 0.075597
403.000000 0.075514
404.000000 0.075431
405.000000 0.075203
406.000000 0.074974
407.000000 0.07448
408.000000 0.073993
409.000000 0.074366
410.000000 0.074749
411.000000 0.074853
412.000000 0.074959
413.000000 0.075284
414.000000 0.075617
415.000000 0.075922
416.000000 0.076231
417.000000 0.076642
418.000000 0.077062
419.000000 0.077363
420.000000 0.07767
421.000000 0.0777
422.000000 0.077732
423.000000 0.077671
424.000000 0.077607
425.000000 0.077608
426.000000 0.07761
427.000000 0.077569
428.000000 0.07753
429.000000 0.077824
430.000000 0.078121
431.000000 0.078378
432.000000 0.078641
433.000000 0.078865
434.000000 0.07909
435.000000 0.079354
436.000000 0.079619
437.000000 0.080782
438.000000 0.081995
439.000000 0.083126
440.000000 0.084301
441.000000 0.086829
442.000000 0.089571
443.000000 0.091956
444.000000 0.094507
445.000000 0.095988
446.000000 0.097528
447.000000 0.09893
448.000000 0.100384
449.000000 0.101319
450.000000 0.102272
451.000000 0.103182
452.000000 0.104107
453.000000 0.103813
454.000000 0.103524
455.000000 0.103253
456.000000 0.102986
457.000000 0.103596
458.000000 0.104211
459.000000 0.104807
460.000000 0.10541
461.000000 0.105195
462.000000 0.104981
463.000000 0.104761
464.000000 0.104542
465.000000 0.105129
466.000000 0.10572
467.000000 0.106291
468.000000 0.106864
469.000000 0.10716
470.000000 0.107457
471.000000 0.107752
472.000000 0.108053
473.000000 0.108598
474.000000 0.109152
475.000000 0.109684
476.000000 0.110227
477.000000 0.110273
478.000000 0.110316
479.000000 0.110366
480.000000 0.110415
481.000000 0.11182
482.000000 0.113261
483.000000 0.114641
484.000000 0.116052
485.000000 0.116788
486.000000 0.117531
487.000000 0.118255
488.000000 0.11899
489.000000 0.12105
490.000000 0.121049
491.000000 0.123177
492.000000 0.125195
493.000000 0.127277
494.000000 0.128184
495.000000 0.129104
496.000000 0.130982
497.000000 0.132775
498.000000 0.134622
499.000000 0.138818
500.000000 0.143264
501.000000 0.147342
502.000000 0.151627
503.000000 0.158891
504.000000 0.166795
505.000000 0.173793
506.000000 0.181315
507.000000 0.188012
508.000000 0.195132
509.000000 0.201662
510.000000 0.208554
511.000000 0.217522
512.000000 0.227145
513.000000 0.235875
514.000000 0.245196
515.000000 0.266729
516.000000 0.276893
517.000000 0.287715
518.000000 0.297684
519.000000 0.308219
520.000000 0.317997
521.000000 0.328304
522.000000 0.334034
523.000000 0.339937
524.000000 0.345595
525.000000 0.351417
526.000000 0.35507
527.000000 0.358815
528.000000 0.362427
529.000000 0.366128
530.000000 0.366212
531.000000 0.367448
532.000000 0.368721
533.000000 0.369946
534.000000 0.371205
535.000000 0.37393
536.000000 0.376656
537.000000 0.37936
538.000000 0.382064
539.000000 0.384175
540.000000 0.386273
541.000000 0.388352
542.000000 0.39045
543.000000 0.392439
544.000000 0.394413
545.000000 0.396379
546.000000 0.398361
547.000000 0.400395
548.000000 0.402413
549.000000 0.404405
550.000000 0.406414
551.000000 0.406381
552.000000 0.406348
553.000000 0.406321
554.000000 0.406293
555.000000 0.404235
556.000000 0.402195
557.000000 0.400142
558.000000 0.398075
559.000000 0.394339
560.000000 0.390663
561.000000 0.386889
562.000000 0.383207
563.000000 0.378372
564.000000 0.373669
565.000000 0.368827
566.000000 0.364091
567.000000 0.359373
568.000000 0.354758
569.000000 0.350007
570.000000 0.350108
571.000000 0.347772
572.000000 0.345462
573.000000 0.341172
574.000000 0.336967
575.000000 0.332651
576.000000 0.328424
577.000000 0.325953
578.000000 0.323512
579.000000 0.321032
580.000000 0.318586
581.000000 0.314607
582.000000 0.310734
583.000000 0.306745
584.000000 0.30284
585.000000 0.300081
586.000000 0.29736
587.000000 0.29458
588.000000 0.29184
589.000000 0.291009
590.000000 0.290179
591.000000 0.289334
592.000000 0.28851
593.000000 0.287364
594.000000 0.286224
595.000000 0.285073
596.000000 0.283925
597.000000 0.281708
598.000000 0.279496
599.000000 0.277277
600.000000 0.275068
601.000000 0.272536
602.000000 0.270066
603.000000 0.267523
604.000000 0.265017
605.000000 0.262318
606.000000 0.259676
607.000000 0.256949
608.000000 0.250286
609.000000 0.24641
610.000000 0.242383
611.000000 0.242422
612.000000 0.238484
613.000000 0.235892
614.000000 0.233333
615.000000 0.230709
616.000000 0.228146
617.000000 0.227401
618.000000 0.226675
619.000000 0.225938
620.000000 0.225205
621.000000 0.224012
622.000000 0.222829
623.000000 0.221617
624.000000 0.220427
625.000000 0.220279
626.000000 0.220118
627.000000 0.219968
628.000000 0.219818
629.000000 0.219569
630.000000 0.219331
631.000000 0.21908
632.000000 0.218842
633.000000 0.216353
634.000000 0.21391
635.000000 0.211404
636.000000 0.208933
637.000000 0.2056
638.000000 0.202362
639.000000 0.198981
640.000000 0.195691
641.000000 0.192285
642.000000 0.188966
643.000000 0.185501
644.000000 0.182129
645.000000 0.178421
646.000000 0.174825
647.000000 0.171032
648.000000 0.167381
649.000000 0.164148
650.000000 0.161018
651.000000 0.161023
652.000000 0.157721
653.000000 0.154538
654.000000 0.150446
655.000000 0.146533
656.000000 0.142307
657.000000 0.138286
658.000000 0.133044
659.000000 0.128139
660.000000 0.122605
661.000000 0.117488
662.000000 0.115426
663.000000 0.113429
664.000000 0.111302
665.000000 0.109244
666.000000 0.108091
667.000000 0.106963
668.000000 0.105789
669.000000 0.104644
670.000000 0.103156
671.000000 0.101712
672.000000 0.100191
673.000000 0.098711
674.000000 0.098542
675.000000 0.098372
676.000000 0.098198
677.000000 0.098023
678.000000 0.099965
679.000000 0.101986
680.000000 0.103881
681.000000 0.105846
682.000000 0.109665
683.000000 0.113752
684.000000 0.117426
685.000000 0.121322
686.000000 0.13
687.000000 0.13983
688.000000 0.148013
689.000000 0.157033
690.000000 0.171393
691.000000 0.1714
692.000000 0.188065
693.000000 0.201684
694.000000 0.216957
695.000000 0.238739
696.000000 0.264263
697.000000 0.285114
698.000000 0.308759
699.000000 0.330584
700.000000 0.355019
701.000000 0.376153
702.000000 0.399423
703.000000 0.420542
704.000000 0.443614
705.000000 0.464149
706.000000 0.486374
707.000000 0.504805
708.000000 0.524401
709.000000 0.542342
710.000000 0.561304
711.000000 0.577613
712.000000 0.59476
713.000000 0.610803
714.000000 0.627548
715.000000 0.644966
716.000000 0.663258
717.000000 0.6802
718.000000 0.697934
719.000000 0.712083
720.000000 0.726669
721.000000 0.74058
722.000000 0.754886
723.000000 0.768792
724.000000 0.783282
725.000000 0.79697
726.000000 0.811113
727.000000 0.82215
728.000000 0.833594
729.000000 0.844499
730.000000 0.855679
731.000000 0.86524
732.000000 0.865257
733.000000 0.875152
734.000000 0.884607
735.000000 0.894263
736.000000 0.90137
737.000000 0.908733
738.000000 0.915791
739.000000 0.923108
740.000000 0.928058
741.000000 0.933208
742.000000 0.93812
743.000000 0.943231
744.000000 0.948551
745.000000 0.954089
746.000000 0.959067
747.000000 0.964104
748.000000 0.96617
749.000000 0.968254
750.000000 0.970027
751.000000 0.971818
752.000000 0.973617
753.000000 0.975269
754.000000 0.976765
755.000000 0.978257
756.000000 0.97959
757.000000 0.981092
758.000000 0.982105
759.000000 0.983277
760.000000 0.984286
761.000000 0.985286
762.000000 0.986122
763.000000 0.98694
764.000000 0.987429
765.000000 0.98807
766.000000 0.988377
767.000000 0.988867
768.000000 0.988855
769.000000 0.988863
770.000000 0.988869
771.000000 0.988889
772.000000 0.988908
773.000000 0.988937
774.000000 0.988966
775.000000 0.989
776.000000 0.989034
777.000000 0.98907
778.000000 0.989105
779.000000 0.989138
780.000000 0.989172
781.000000 0.989201
782.000000 0.98923
783.000000 0.989257
784.000000 0.989283
785.000000 0.989308
786.000000 0.989333
787.000000 0.989358
788.000000 0.989382
789.000000 0.989407
790.000000 0.989433
791.000000 0.989459
792.000000 0.989485
793.000000 0.989512
794.000000 0.989538
795.000000 0.989564
796.000000 0.989591
797.000000 0.989616
798.000000 0.989641
799.000000 0.989666
800.000000 0.98969
801.000000 0.989705
802.000000 0.989718
803.000000 0.98973
804.000000 0.989743
805.000000 0.989752
806.000000 0.989762
807.000000 0.989766
808.000000 0.989771
809.000000 0.98977
810.000000 0.989769
811.000000 0.98976
812.000000 0.989752
813.000000 0.989736
814.000000 0.98972
815.000000 0.989699
816.000000 0.989678
817.000000 0.989658
818.000000 0.989638
819.000000 0.989619
820.000000 0.989601
821.000000 0.989586
822.000000 0.989571
823.000000 0.989557
824.000000 0.989543
825.000000 0.989529
826.000000 0.989516
827.000000 0.989503
828.000000 0.989488
829.000000 0.989473
830.000000 0.989458
831.000000 0.989442
832.000000 0.989426
833.000000 0.98941
834.000000 0.989394
835.000000 0.989381
836.000000 0.989367
837.000000 0.989356
838.000000 0.989345
839.000000 0.989338
840.000000 0.989332
841.000000 0.989328
842.000000 0.989324
843.000000 0.989323
844.000000 0.989321
845.000000 0.989321
846.000000 0.98932
847.000000 0.989319
848.000000 0.989319
849.000000 0.989316
850.000000 0.989315
851.000000 0.989311
852.000000 0.989306
853.000000 0.9893
854.000000 0.989292
855.000000 0.989284
856.000000 0.989275
857.000000 0.989265
858.000000 0.989255
859.000000 0.989245
860.000000 0.989234
861.000000 0.989223
862.000000 0.989213
863.000000 0.989201
864.000000 0.989191
865.000000 0.989178
866.000000 0.989166
867.000000 0.989148
868.000000 0.989132
869.000000 0.98911
870.000000 0.989088
871.000000 0.989063
872.000000 0.98904
873.000000 0.989017
874.000000 0.988994
875.000000 0.988975
876.000000 0.988956
877.000000 0.98894
878.000000 0.988926
879.000000 0.988912
880.000000 0.9889
881.000000 0.988889
882.000000 0.988876
883.000000 0.988865
884.000000 0.988853
885.000000 0.988841
886.000000 0.988829
887.000000 0.988816
888.000000 0.988801
889.000000 0.988784
890.000000 0.988767
891.000000 0.988748
892.000000 0.988728
893.000000 0.988707
894.000000 0.988685
895.000000 0.988663
896.000000 0.98864
897.000000 0.988617
898.000000 0.988593
899.000000 0.98857
900.000000 0.988545
901.000000 0.988522
902.000000 0.988498
903.000000 0.988474
904.000000 0.98845
905.000000 0.988424
906.000000 0.9884
907.000000 0.988373
908.000000 0.988346
909.000000 0.988318
910.000000 0.988289
911.000000 0.988262
912.000000 0.988234
913.000000 0.98821
914.000000 0.988186
915.000000 0.988166
916.000000 0.988147
917.000000 0.988136
918.000000 0.988124
919.000000 0.988107
920.000000 0.988091
921.000000 0.988029
922.000000 0.987965
923.000000 0.98785
924.000000 0.987735
925.000000 0.987541
926.000000 0.987346
927.000000 0.987048
928.000000 0.98675
929.000000 0.986321
930.000000 0.985893
931.000000 0.985319
932.000000 0.984747
933.000000 0.984066
934.000000 0.983387
935.000000 0.982657
936.000000 0.981928
937.000000 0.981201
938.000000 0.980474
939.000000 0.979771
940.000000 0.979067
941.000000 0.978386
942.000000 0.977707
943.000000 0.977048
944.000000 0.97639
945.000000 0.975751
946.000000 0.975114
947.000000 0.974494
948.000000 0.973878
949.000000 0.973291
950.000000 0.972705
951.000000 0.972172
952.000000 0.971638
953.000000 0.971175
954.000000 0.970713
955.000000 0.970341
956.000000 0.969969
957.000000 0.969703
958.000000 0.969437
959.000000 0.969251
960.000000 0.969066
961.000000 0.968919
962.000000 0.968772
963.000000 0.968622
964.000000 0.968471
965.000000 0.968309
966.000000 0.968147
967.000000 0.967999
968.000000 0.967852
969.000000 0.967748
970.000000 0.967644
971.000000 0.967601
972.000000 0.967558
973.000000 0.967567
974.000000 0.967576
975.000000 0.967623
976.000000 0.96767
977.000000 0.967743
978.000000 0.967816
979.000000 0.967901
980.000000 0.967987
981.000000 0.968075
982.000000 0.968164
983.000000 0.968256
984.000000 0.968348
985.000000 0.968446
986.000000 0.968543
987.000000 0.968651
988.000000 0.968758
989.000000 0.96888
990.000000 0.969002
991.000000 0.969142
992.000000 0.969283
993.000000 0.969447
994.000000 0.969612
995.000000 0.96982
996.000000 0.970028
997.000000 0.970309
998.000000 0.970589
999.000000 0.97097
1000.000000 0.971351
1001.000000 0.97183
1002.000000 0.97231
1003.000000 0.972843
1004.000000 0.973378
1005.000000 0.97392
1006.000000 0.974463
1007.000000 0.974966
1008.000000 0.97547
1009.000000 0.975889
1010.000000 0.976308
1011.000000 0.976634
1012.000000 0.976959
1013.000000 0.977223
1014.000000 0.977489
1015.000000 0.977729
1016.000000 0.97797
1017.000000 0.978222
1018.000000 0.978472
1019.000000 0.97877
1020.000000 0.979067
1021.000000 0.979414
1022.000000 0.97976
1023.000000 0.980129
1024.000000 0.980498
1025.000000 0.980861
1026.000000 0.981225
1027.000000 0.981555
1028.000000 0.981885
1029.000000 0.982155
1030.000000 0.982425
1031.000000 0.98263
1032.000000 0.982835
1033.000000 0.982989
1034.000000 0.983143
1035.000000 0.98326
1036.000000 0.983376
1037.000000 0.983468
1038.000000 0.983559
1039.000000 0.983641
1040.000000 0.983722
1041.000000 0.983798
1042.000000 0.983874
1043.000000 0.983947
1044.000000 0.98402
1045.000000 0.98409
1046.000000 0.98416
1047.000000 0.984231
1048.000000 0.984301
1049.000000 0.984372
1050.000000 0.984443
1051.000000 0.984516
1052.000000 0.98459
1053.000000 0.984665
1054.000000 0.984739
1055.000000 0.984809
1056.000000 0.984878
1057.000000 0.984936
1058.000000 0.984992
1059.000000 0.985029
1060.000000 0.985065
1061.000000 0.985
1062.000000 0.984936
1063.000000 0.984855
1064.000000 0.984773
1065.000000 0.98468
1066.000000 0.984585
1067.000000 0.98448
1068.000000 0.984376
1069.000000 0.984265
1070.000000 0.984153
1071.000000 0.984036
1072.000000 0.983921
1073.000000 0.983803
1074.000000 0.983684
1075.000000 0.983563
1076.000000 0.983443
1077.000000 0.983319
1078.000000 0.983195
1079.000000 0.983067
1080.000000 0.982939
1081.000000 0.982807
1082.000000 0.982675
1083.000000 0.982538
1084.000000 0.982401
1085.000000 0.982259
1086.000000 0.982116
1087.000000 0.981968
1088.000000 0.98182
1089.000000 0.981666
1090.000000 0.981512
1091.000000 0.981353
1092.000000 0.981195
1093.000000 0.981035
1094.000000 0.980875
1095.000000 0.980716
1096.000000 0.980557
1097.000000 0.980401
1098.000000 0.980244
1099.000000 0.980089
1100.000000 0.979934
1101.000000 0.979824
1102.000000 0.979715
1103.000000 0.979566
1104.000000 0.979416
1105.000000 0.979164
1106.000000 0.978913
1107.000000 0.978581
1108.000000 0.978249
1109.000000 0.977832
1110.000000 0.977417
1111.000000 0.976955
1112.000000 0.976494
1113.000000 0.976034
1114.000000 0.975573
1115.000000 0.975159
1116.000000 0.974747
1117.000000 0.974356
1118.000000 0.973966
1119.000000 0.973564
1120.000000 0.973162
1121.000000 0.972713
1122.000000 0.972264
1123.000000 0.971735
1124.000000 0.971205
1125.000000 0.970546
1126.000000 0.969889
1127.000000 0.969083
1128.000000 0.968278
1129.000000 0.967315
1130.000000 0.966354
1131.000000 0.965267
1132.000000 0.964183
1133.000000 0.96301
1134.000000 0.96184
1135.000000 0.960609
1136.000000 0.959381
1137.000000 0.958135
1138.000000 0.956894
1139.000000 0.955682
1140.000000 0.954473
1141.000000 0.953357
1142.000000 0.952244
1143.000000 0.951289
1144.000000 0.950336
1145.000000 0.949588
1146.000000 0.948842
1147.000000 0.948376
1148.000000 0.94791
1149.000000 0.947598
1150.000000 0.947285
1151.000000 0.946799
1152.000000 0.946315
1153.000000 0.945616
1154.000000 0.944919
1155.000000 0.944213
1156.000000 0.943509
1157.000000 0.942814
1158.000000 0.942121
1159.000000 0.941547
1160.000000 0.940974
1161.000000 0.940606
1162.000000 0.940238
1163.000000 0.939993
1164.000000 0.939748
1165.000000 0.939327
1166.000000 0.938908
1167.000000 0.938499
1168.000000 0.938089
1169.000000 0.9377
1170.000000 0.937309
1171.000000 0.936948
1172.000000 0.936586
1173.000000 0.936259
1174.000000 0.935931
1175.000000 0.935732
1176.000000 0.935533
1177.000000 0.935375
1178.000000 0.935217
1179.000000 0.935097
1180.000000 0.934975
1181.000000 0.934879
1182.000000 0.934785
1183.000000 0.934703
1184.000000 0.934623
1185.000000 0.934598
1186.000000 0.934573
1187.000000 0.934543
1188.000000 0.934512
1189.000000 0.934474
1190.000000 0.934435
1191.000000 0.934394
1192.000000 0.934352
1193.000000 0.934312
1194.000000 0.934271
1195.000000 0.934237
1196.000000 0.934202
1197.000000 0.934177
1198.000000 0.934153
1199.000000 0.934142
1200.000000 0.934133
1201.000000 0.934142
1202.000000 0.934152
1203.000000 0.934192
1204.000000 0.934231
1205.000000 0.934325
1206.000000 0.93442
1207.000000 0.934561
1208.000000 0.934703
1209.000000 0.934903
1210.000000 0.935103
1211.000000 0.935361
1212.000000 0.935618
1213.000000 0.935913
1214.000000 0.936209
1215.000000 0.936557
1216.000000 0.936907
1217.000000 0.937245
1218.000000 0.937585
1219.000000 0.93789
1220.000000 0.938196
1221.000000 0.938453
1222.000000 0.938711
1223.000000 0.938923
1224.000000 0.939136
1225.000000 0.93927
1226.000000 0.939403
1227.000000 0.939503
1228.000000 0.939602
1229.000000 0.939674
1230.000000 0.939745
1231.000000 0.939795
1232.000000 0.939846
1233.000000 0.93988
1234.000000 0.939915
1235.000000 0.939951
1236.000000 0.939989
1237.000000 0.940049
1238.000000 0.94011
1239.000000 0.940216
1240.000000 0.940322
1241.000000 0.940497
1242.000000 0.940672
1243.000000 0.940934
1244.000000 0.941196
1245.000000 0.941524
1246.000000 0.941853
1247.000000 0.942212
1248.000000 0.94257
1249.000000 0.942918
1250.000000 0.943266
1251.000000 0.943564
1252.000000 0.943861
1253.000000 0.944074
1254.000000 0.944286
1255.000000 0.944359
1256.000000 0.944432
1257.000000 0.944436
1258.000000 0.944439
1259.000000 0.944389
1260.000000 0.944339
1261.000000 0.944251
1262.000000 0.944165
1263.000000 0.944057
1264.000000 0.943949
1265.000000 0.943903
1266.000000 0.943857
1267.000000 0.943816
1268.000000 0.943776
1269.000000 0.943738
1270.000000 0.943701
1271.000000 0.943662
1272.000000 0.943623
1273.000000 0.943576
1274.000000 0.943531
1275.000000 0.94347
1276.000000 0.943409
1277.000000 0.943308
1278.000000 0.943208
1279.000000 0.943048
1280.000000 0.94289
1281.000000 0.942656
1282.000000 0.942423
1283.000000 0.942107
1284.000000 0.941792
1285.000000 0.941383
1286.000000 0.940975
1287.000000 0.94057
1288.000000 0.940166
1289.000000 0.939812
1290.000000 0.93946
1291.000000 0.939205
1292.000000 0.93895
1293.000000 0.938809
1294.000000 0.938668
1295.000000 0.93855
1296.000000 0.938431
1297.000000 0.938215
1298.000000 0.937999
1299.000000 0.93757
1300.000000 0.937142
1301.000000 0.936386
1302.000000 0.935632
1303.000000 0.934522
1304.000000 0.933415
1305.000000 0.932172
1306.000000 0.930933
1307.000000 0.929787
1308.000000 0.928644
1309.000000 0.927796
1310.000000 0.926952
1311.000000 0.926377
1312.000000 0.925803
1313.000000 0.925386
1314.000000 0.924969
1315.000000 0.924583
1316.000000 0.924198
1317.000000 0.923743
1318.000000 0.923288
1319.000000 0.922651
1320.000000 0.922015
1321.000000 0.921087
1322.000000 0.920162
1323.000000 0.918926
1324.000000 0.917695
1325.000000 0.916297
1326.000000 0.914905
1327.000000 0.913515
1328.000000 0.912129
1329.000000 0.910856
1330.000000 0.909588
1331.000000 0.908339
1332.000000 0.907094
1333.000000 0.905722
1334.000000 0.904354
1335.000000 0.902685
1336.000000 0.901022
1337.000000 0.898947
1338.000000 0.896881
1339.000000 0.894342
1340.000000 0.891818
1341.000000 0.889018
1342.000000 0.886237
1343.000000 0.883428
1344.000000 0.880636
1345.000000 0.878048
1346.000000 0.875476
1347.000000 0.873345
1348.000000 0.871224
1349.000000 0.869617
1350.000000 0.868016
1351.000000 0.866571
1352.000000 0.86513
1353.000000 0.863419
1354.000000 0.861715
1355.000000 0.859308
1356.000000 0.856916
1357.000000 0.853437
1358.000000 0.849985
1359.000000 0.845407
1360.000000 0.840876
1361.000000 0.835961
1362.000000 0.8311
1363.000000 0.826659
1364.000000 0.822263
1365.000000 0.81889
1366.000000 0.815544
1367.000000 0.81286
1368.000000 0.810193
1369.000000 0.807547
1370.000000 0.804916
1371.000000 0.801688
1372.000000 0.798485
1373.000000 0.794096
1374.000000 0.789753
1375.000000 0.783696
1376.000000 0.777727
1377.000000 0.769559
1378.000000 0.761549
1379.000000 0.751469
1380.000000 0.741632
1381.000000 0.730663
1382.000000 0.719983
1383.000000 0.709066
1384.000000 0.698441
1385.000000 0.688328
1386.000000 0.678472
1387.000000 0.669779
1388.000000 0.661281
1389.000000 0.653897
1390.000000 0.646657
1391.000000 0.639699
1392.000000 0.632869
1393.000000 0.625525
1394.000000 0.618329
1395.000000 0.609907
1396.000000 0.601679
1397.000000 0.591666
1398.000000 0.581934
1399.000000 0.570677
1400.000000 0.559783
1401.000000 0.548369
1402.000000 0.537339
1403.000000 0.52666
1404.000000 0.516329
1405.000000 0.507013
1406.000000 0.497972
1407.000000 0.490569
1408.000000 0.483343
1409.000000 0.4778
1410.000000 0.47236
1411.000000 0.468242
1412.000000 0.464181
1413.000000 0.46112
1414.000000 0.458091
1415.000000 0.455742
1416.000000 0.453411
1417.000000 0.45153
1418.000000 0.449661
1419.000000 0.448026
1420.000000 0.446402
1421.000000 0.444833
1422.000000 0.443274
1423.000000 0.441601
1424.000000 0.439938
1425.000000 0.437918
1426.000000 0.435912
1427.000000 0.433201
1428.000000 0.43052
1429.000000 0.426796
1430.000000 0.423124
1431.000000 0.418565
1432.000000 0.414081
1433.000000 0.410525
1434.000000 0.407016
1435.000000 0.405367
1436.000000 0.403729
1437.000000 0.403174
1438.000000 0.402619
1439.000000 0.402314
1440.000000 0.402009
1441.000000 0.401384
1442.000000 0.40076
1443.000000 0.400054
1444.000000 0.399348
1445.000000 0.398976
1446.000000 0.398604
1447.000000 0.398858
1448.000000 0.399113
1449.000000 0.399792
1450.000000 0.400474
1451.000000 0.401139
1452.000000 0.401804
1453.000000 0.402023
1454.000000 0.402241
1455.000000 0.402068
1456.000000 0.401895
1457.000000 0.401844
1458.000000 0.401794
1459.000000 0.402409
1460.000000 0.403028
1461.000000 0.404867
1462.000000 0.406719
1463.000000 0.410298
1464.000000 0.413928
1465.000000 0.41832
1466.000000 0.422785
1467.000000 0.426002
1468.000000 0.429256
1469.000000 0.431106
1470.000000 0.432968
1471.000000 0.43393
1472.000000 0.434896
1473.000000 0.435497
1474.000000 0.436101
1475.000000 0.436896
1476.000000 0.437694
1477.000000 0.439119
1478.000000 0.440551
1479.000000 0.442605
1480.000000 0.444674
1481.000000 0.447241
1482.000000 0.449832
1483.000000 0.452797
1484.000000 0.455793
1485.000000 0.459015
1486.000000 0.462271
1487.000000 0.465632
1488.000000 0.469032
1489.000000 0.472388
1490.000000 0.475782
1491.000000 0.479036
1492.000000 0.482327
1493.000000 0.485459
1494.000000 0.488622
1495.000000 0.49163
1496.000000 0.494667
1497.000000 0.49753
1498.000000 0.50042
1499.000000 0.50319
1500.000000 0.505984
1501.000000 0.508723
1502.000000 0.511484
1503.000000 0.514259
1504.000000 0.517057
1505.000000 0.519954
1506.000000 0.522875
1507.000000 0.525959
1508.000000 0.529071
1509.000000 0.532419
1510.000000 0.535801
1511.000000 0.539378
1512.000000 0.542994
1513.000000 0.546657
1514.000000 0.550361
1515.000000 0.553947
1516.000000 0.557572
1517.000000 0.560974
1518.000000 0.564409
1519.000000 0.567627
1520.000000 0.570873
1521.000000 0.573918
1522.000000 0.57699
1523.000000 0.579879
1524.000000 0.582793
1525.000000 0.58556
1526.000000 0.588347
1527.000000 0.590995
1528.000000 0.593663
1529.000000 0.596217
1530.000000 0.598788
1531.000000 0.601293
1532.000000 0.603813
1533.000000 0.606326
1534.000000 0.608855
1535.000000 0.611418
1536.000000 0.613997
1537.000000 0.616697
1538.000000 0.619415
1539.000000 0.62231
1540.000000 0.625227
1541.000000 0.628288
1542.000000 0.631372
1543.000000 0.634515
1544.000000 0.637685
1545.000000 0.640813
1546.000000 0.643966
1547.000000 0.646997
1548.000000 0.650051
1549.000000 0.652899
1550.000000 0.655767
1551.000000 0.658437
1552.000000 0.661125
1553.000000 0.663664
1554.000000 0.666219
1555.000000 0.668691
1556.000000 0.671178
1557.000000 0.673566
1558.000000 0.675967
1559.000000 0.678225
1560.000000 0.680494
1561.000000 0.682571
1562.000000 0.684657
1563.000000 0.6865
1564.000000 0.68835
1565.000000 0.689893
1566.000000 0.691441
1567.000000 0.692643
1568.000000 0.693848
1569.000000 0.694688
1570.000000 0.695529
1571.000000 0.696123
1572.000000 0.696718
1573.000000 0.697227
1574.000000 0.697736
1575.000000 0.698317
1576.000000 0.698898
1577.000000 0.699718
1578.000000 0.70054
1579.000000 0.701766
1580.000000 0.702995
1581.000000 0.704793
1582.000000 0.706598
1583.000000 0.708925
1584.000000 0.711264
1585.000000 0.713798
1586.000000 0.716346
1587.000000 0.718691
1588.000000 0.721047
1589.000000 0.722919
1590.000000 0.724798
1591.000000 0.726238
1592.000000 0.727683
1593.000000 0.728802
1594.000000 0.729924
1595.000000 0.730859
1596.000000 0.731796
1597.000000 0.732645
1598.000000 0.733496
1599.000000 0.734377
1600.000000 0.735262
1601.000000 0.736296
1602.000000 0.737332
1603.000000 0.738541
1604.000000 0.739754
1605.000000 0.741071
1606.000000 0.742393
1607.000000 0.743744
1608.000000 0.745099
1609.000000 0.746409
1610.000000 0.747723
1611.000000 0.748918
1612.000000 0.750116
1613.000000 0.751181
1614.000000 0.752246
1615.000000 0.753203
1616.000000 0.754162
1617.000000 0.75505
1618.000000 0.755938
1619.000000 0.75679
1620.000000 0.757642
1621.000000 0.758489
1622.000000 0.759338
1623.000000 0.760215
1624.000000 0.761095
1625.000000 0.762009
1626.000000 0.762924
1627.000000 0.763877
1628.000000 0.764831
1629.000000 0.765796
1630.000000 0.766764
1631.000000 0.767716
1632.000000 0.76867
1633.000000 0.769582
1634.000000 0.770497
1635.000000 0.77135
1636.000000 0.772207
1637.000000 0.773003
1638.000000 0.7738
1639.000000 0.774545
1640.000000 0.775291
1641.000000 0.77599
1642.000000 0.776691
1643.000000 0.777351
1644.000000 0.778012
1645.000000 0.778608
1646.000000 0.779205
1647.000000 0.779774
1648.000000 0.780345
1649.000000 0.780896
1650.000000 0.781447
1651.000000 0.781984
1652.000000 0.782521
1653.000000 0.783029
1654.000000 0.783539
1655.000000 0.783968
1656.000000 0.784396
1657.000000 0.78476
1658.000000 0.785124
1659.000000 0.785402
1660.000000 0.785682
1661.000000 0.785861
1662.000000 0.786041
1663.000000 0.786126
1664.000000 0.78621
1665.000000 0.786168
1666.000000 0.786125
1667.000000 0.786008
1668.000000 0.78589
1669.000000 0.78571
1670.000000 0.78553
1671.000000 0.785296
1672.000000 0.785063
1673.000000 0.784787
1674.000000 0.784512
1675.000000 0.784187
1676.000000 0.783864
1677.000000 0.783518
1678.000000 0.783173
1679.000000 0.782818
1680.000000 0.782462
1681.000000 0.782107
1682.000000 0.781751
1683.000000 0.781406
1684.000000 0.781061
1685.000000 0.780687
1686.000000 0.780314
1687.000000 0.77997
1688.000000 0.779626
1689.000000 0.779312
1690.000000 0.778998
1691.000000 0.77871
1692.000000 0.778422
1693.000000 0.778157
1694.000000 0.777891
1695.000000 0.777663
1696.000000 0.777435
1697.000000 0.77722
1698.000000 0.777006
1699.000000 0.776801
1700.000000 0.776596
1701.000000 0.77639
1702.000000 0.776183
1703.000000 0.775948
1704.000000 0.775715
1705.000000 0.775459
1706.000000 0.775203
1707.000000 0.774863
1708.000000 0.774521
1709.000000 0.774066
1710.000000 0.773612
1711.000000 0.773034
1712.000000 0.772457
1713.000000 0.771784
1714.000000 0.771113
1715.000000 0.770393
1716.000000 0.769673
1717.000000 0.768921
1718.000000 0.768172
1719.000000 0.767418
1720.000000 0.766667
1721.000000 0.765934
1722.000000 0.765201
1723.000000 0.764493
1724.000000 0.763784
1725.000000 0.763171
1726.000000 0.762558
1727.000000 0.761976
1728.000000 0.761394
1729.000000 0.760845
1730.000000 0.760298
1731.000000 0.759767
1732.000000 0.759236
1733.000000 0.758678
1734.000000 0.758121
1735.000000 0.757583
1736.000000 0.757048
1737.000000 0.756394
1738.000000 0.755742
1739.000000 0.75493
1740.000000 0.75412
1741.000000 0.753136
1742.000000 0.752155
1743.000000 0.75102
1744.000000 0.749888
1745.000000 0.748564
1746.000000 0.747244
1747.000000 0.745813
1748.000000 0.744387
1749.000000 0.742868
1750.000000 0.741356
1751.000000 0.739774
1752.000000 0.738197
1753.000000 0.736562
1754.000000 0.734934
1755.000000 0.733234
1756.000000 0.731542
1757.000000 0.729727
1758.000000 0.727922
1759.000000 0.72596
1760.000000 0.72401
1761.000000 0.721943
1762.000000 0.719887
1763.000000 0.717803
1764.000000 0.71573
1765.000000 0.713749
1766.000000 0.711778
1767.000000 0.709954
1768.000000 0.708138
1769.000000 0.706551
1770.000000 0.70497
1771.000000 0.703702
1772.000000 0.702437
1773.000000 0.701536
1774.000000 0.700637
1775.000000 0.700044
1776.000000 0.699451
1777.000000 0.699092
1778.000000 0.698734
1779.000000 0.698536
1780.000000 0.698337
1781.000000 0.698226
1782.000000 0.698113
1783.000000 0.698031
1784.000000 0.697949
1785.000000 0.697885
1786.000000 0.697822
1787.000000 0.697796
1788.000000 0.697769
1789.000000 0.697789
1790.000000 0.697809
1791.000000 0.697884
1792.000000 0.697958
1793.000000 0.698097
1794.000000 0.698235
1795.000000 0.698427
1796.000000 0.698618
1797.000000 0.698892
1798.000000 0.699166
1799.000000 0.699524
1800.000000 0.699882
1801.000000 0.70028
1802.000000 0.700679
1803.000000 0.701058
1804.000000 0.701437
1805.000000 0.701734
1806.000000 0.70203
1807.000000 0.702187
1808.000000 0.702342
1809.000000 0.702302
1810.000000 0.702263
1811.000000 0.702011
1812.000000 0.701759
1813.000000 0.701288
1814.000000 0.700816
1815.000000 0.70012
1816.000000 0.699426
1817.000000 0.698498
1818.000000 0.697572
1819.000000 0.696426
1820.000000 0.695283
1821.000000 0.693988
1822.000000 0.6927
1823.000000 0.691347
1824.000000 0.689999
1825.000000 0.688686
1826.000000 0.687378
1827.000000 0.686173
1828.000000 0.684971
1829.000000 0.683953
1830.000000 0.682938
1831.000000 0.682187
1832.000000 0.681437
1833.000000 0.68103
1834.000000 0.680624
1835.000000 0.680637
1836.000000 0.680649
1837.000000 0.681167
1838.000000 0.681685
1839.000000 0.682792
1840.000000 0.683903
1841.000000 0.685672
1842.000000 0.687448
1843.000000 0.6895
1844.000000 0.691562
1845.000000 0.69303
1846.000000 0.694505
1847.000000 0.694493
1848.000000 0.694482
1849.000000 0.6921
1850.000000 0.689732
1851.000000 0.684182
1852.000000 0.678709
1853.000000 0.669386
1854.000000 0.660279
1855.000000 0.646895
1856.000000 0.633959
1857.000000 0.616566
1858.000000 0.599946
1859.000000 0.580023
1860.000000 0.561151
1861.000000 0.541686
1862.000000 0.523276
1863.000000 0.506414
1864.000000 0.490391
1865.000000 0.476903
1866.000000 0.463984
1867.000000 0.452247
1868.000000 0.440961
1869.000000 0.429287
1870.000000 0.418078
1871.000000 0.405259
1872.000000 0.393026
1873.000000 0.378313
1874.000000 0.364409
1875.000000 0.347882
1876.000000 0.332438
1877.000000 0.315467
1878.000000 0.299731
1879.000000 0.283484
1880.000000 0.26848
1881.000000 0.253654
1882.000000 0.239974
1883.000000 0.226904
1884.000000 0.214826
1885.000000 0.203631
1886.000000 0.193248
1887.000000 0.184019
1888.000000 0.175404
1889.000000 0.168096
1890.000000 0.161215
1891.000000 0.155733
1892.000000 0.150515
1893.000000 0.146774
1894.000000 0.143165
1895.000000 0.141105
1896.000000 0.139088
1897.000000 0.138692
1898.000000 0.138298
1899.000000 0.137404
1900.000000 0.136519
1901.000000 0.132041
1902.000000 0.127773
1903.000000 0.121391
1904.000000 0.115468
1905.000000 0.109766
1906.000000 0.104477
1907.000000 0.100841
1908.000000 0.097396
1909.000000 0.095618
1910.000000 0.093889
1911.000000 0.093217
1912.000000 0.092553
1913.000000 0.092457
1914.000000 0.092359
1915.000000 0.092381
1916.000000 0.092404
1917.000000 0.092135
1918.000000 0.091868
1919.000000 0.091252
1920.000000 0.090641
1921.000000 0.089838
1922.000000 0.089046
1923.000000 0.088213
1924.000000 0.087392
1925.000000 0.086678
1926.000000 0.085973
1927.000000 0.085482
1928.000000 0.084995
1929.000000 0.084719
1930.000000 0.084444
1931.000000 0.084319
1932.000000 0.084195
1933.000000 0.084165
1934.000000 0.084136
1935.000000 0.084152
1936.000000 0.084169
1937.000000 0.084169
1938.000000 0.084169
1939.000000 0.084099
1940.000000 0.084027
1941.000000 0.083958
1942.000000 0.083889
1943.000000 0.084199
1944.000000 0.084509
1945.000000 0.085639
1946.000000 0.086792
1947.000000 0.089074
1948.000000 0.091453
1949.000000 0.094006
1950.000000 0.096672
1951.000000 0.098459
1952.000000 0.100298
1953.000000 0.101444
1954.000000 0.10261
1955.000000 0.103516
1956.000000 0.104434
1957.000000 0.105481
1958.000000 0.106545
1959.000000 0.107799
1960.000000 0.109076
1961.000000 0.110498
1962.000000 0.111949
1963.000000 0.113498
1964.000000 0.115078
1965.000000 0.116699
1966.000000 0.118354
1967.000000 0.120003
1968.000000 0.121686
1969.000000 0.123366
1970.000000 0.125079
1971.000000 0.126802
1972.000000 0.128558
1973.000000 0.130338
1974.000000 0.132155
1975.000000 0.134011
1976.000000 0.135903
1977.000000 0.137841
1978.000000 0.139819
1979.000000 0.141799
1980.000000 0.143821
1981.000000 0.145791
1982.000000 0.147799
1983.000000 0.149692
1984.000000 0.151621
1985.000000 0.15337
1986.000000 0.155149
1987.000000 0.15667
1988.000000 0.158214
1989.000000 0.159428
1990.000000 0.160656
1991.000000 0.161604
1992.000000 0.16256
1993.000000 0.163405
1994.000000 0.164257
1995.000000 0.165179
1996.000000 0.166107
1997.000000 0.167306
1998.000000 0.168517
1999.000000 0.170195
2000.000000 0.171896
2001.000000 0.174073
2002.000000 0.176289
2003.000000 0.178822
2004.000000 0.181407
2005.000000 0.184111
2006.000000 0.186873
2007.000000 0.189564
2008.000000 0.19231
2009.000000 0.194771
2010.000000 0.197276
2011.000000 0.199494
2012.000000 0.201745
2013.000000 0.203869
2014.000000 0.206026
2015.000000 0.208226
2016.000000 0.210458
2017.000000 0.212942
2018.000000 0.215469
2019.000000 0.21843
2020.000000 0.22145
2021.000000 0.224747
2022.000000 0.228116
2023.000000 0.231373
2024.000000 0.234696
2025.000000 0.237453
2026.000000 0.240255
2027.000000 0.242306
2028.000000 0.244381
2029.000000 0.24582
2030.000000 0.247271
2031.000000 0.24824
2032.000000 0.249215
2033.000000 0.249876
2034.000000 0.250538
2035.000000 0.251047
2036.000000 0.251558
2037.000000 0.252107
2038.000000 0.252657
2039.000000 0.253427
2040.000000 0.254199
2041.000000 0.255379
2042.000000 0.256566
2043.000000 0.258279
2044.000000 0.26001
2045.000000 0.262225
2046.000000 0.264465
2047.000000 0.267138
2048.000000 0.269847
2049.000000 0.272928
2050.000000 0.276058
2051.000000 0.279493
2052.000000 0.282989
2053.000000 0.286633
2054.000000 0.290344
2055.000000 0.293878
2056.000000 0.297475
2057.000000 0.300488
2058.000000 0.303547
2059.000000 0.305713
2060.000000 0.3079
2061.000000 0.309349
2062.000000 0.310809
2063.000000 0.311827
2064.000000 0.31285
2065.000000 0.313805
2066.000000 0.314763
2067.000000 0.315916
2068.000000 0.317074
2069.000000 0.318759
2070.000000 0.320456
2071.000000 0.32302
2072.000000 0.325614
2073.000000 0.329062
2074.000000 0.332562
2075.000000 0.336423
2076.000000 0.340349
2077.000000 0.344036
2078.000000 0.347783
2079.000000 0.350846
2080.000000 0.353949
2081.000000 0.356466
2082.000000 0.359009
2083.000000 0.361176
2084.000000 0.363363
2085.000000 0.365393
2086.000000 0.367439
2087.000000 0.369574
2088.000000 0.371726
2089.000000 0.374124
2090.000000 0.376545
2091.000000 0.379154
2092.000000 0.38179
2093.000000 0.384524
2094.000000 0.387287
2095.000000 0.390045
2096.000000 0.392833
2097.000000 0.39552
2098.000000 0.398235
2099.000000 0.40074
2100.000000 0.40327
2101.000000 0.405483
2102.000000 0.407714
2103.000000 0.409615
2104.000000 0.41153
2105.000000 0.4132
2106.000000 0.41488
2107.000000 0.416356
2108.000000 0.41784
2109.000000 0.419189
2110.000000 0.420544
2111.000000 0.421834
2112.000000 0.423129
2113.000000 0.424434
2114.000000 0.425744
2115.000000 0.427158
2116.000000 0.42858
2117.000000 0.430128
2118.000000 0.431685
2119.000000 0.433417
2120.000000 0.43516
2121.000000 0.437116
2122.000000 0.439085
2123.000000 0.441202
2124.000000 0.443334
2125.000000 0.445477
2126.000000 0.447634
2127.000000 0.449691
2128.000000 0.451763
2129.000000 0.453604
2130.000000 0.455454
2131.000000 0.456937
2132.000000 0.458426
2133.000000 0.459409
2134.000000 0.460395
2135.000000 0.460883
2136.000000 0.461372
2137.000000 0.461732
2138.000000 0.462092
2139.000000 0.46275
2140.000000 0.463408
2141.000000 0.464717
2142.000000 0.466031
2143.000000 0.467922
2144.000000 0.469825
2145.000000 0.472077
2146.000000 0.474345
2147.000000 0.476725
2148.000000 0.479123
2149.000000 0.481385
2150.000000 0.483664
2151.000000 0.485596
2152.000000 0.48754
2153.000000 0.48913
2154.000000 0.490728
2155.000000 0.492061
2156.000000 0.4934
2157.000000 0.494503
2158.000000 0.495609
2159.000000 0.496541
2160.000000 0.497475
2161.000000 0.498291
2162.000000 0.49911
2163.000000 0.499845
2164.000000 0.500582
2165.000000 0.501278
2166.000000 0.501976
2167.000000 0.502651
2168.000000 0.503329
2169.000000 0.504015
2170.000000 0.504703
2171.000000 0.50542
2172.000000 0.506139
2173.000000 0.506877
2174.000000 0.507616
2175.000000 0.508387
2176.000000 0.50916
2177.000000 0.509916
2178.000000 0.510675
2179.000000 0.5114
2180.000000 0.512127
2181.000000 0.512817
2182.000000 0.513508
2183.000000 0.514195
2184.000000 0.514883
2185.000000 0.51564
2186.000000 0.516398
2187.000000 0.517228
2188.000000 0.518062
2189.000000 0.519007
2190.000000 0.519956
2191.000000 0.521027
2192.000000 0.522102
2193.000000 0.523251
2194.000000 0.524404
2195.000000 0.52556
2196.000000 0.526721
2197.000000 0.527837
2198.000000 0.528957
2199.000000 0.52997
2200.000000 0.530986
2201.000000 0.531861
2202.000000 0.532738
2203.000000 0.533484
2204.000000 0.534233
2205.000000 0.534857
2206.000000 0.535483
2207.000000 0.53601
2208.000000 0.536538
2209.000000 0.536983
2210.000000 0.537431
2211.000000 0.537813
2212.000000 0.538196
2213.000000 0.538528
2214.000000 0.538859
2215.000000 0.539117
2216.000000 0.539376
2217.000000 0.53954
2218.000000 0.539704
2219.000000 0.539742
2220.000000 0.539782
2221.000000 0.539667
2222.000000 0.539553
2223.000000 0.539259
2224.000000 0.538966
2225.000000 0.538415
2226.000000 0.537865
2227.000000 0.537196
2228.000000 0.536529
2229.000000 0.535783
2230.000000 0.535038
2231.000000 0.534254
2232.000000 0.533472
2233.000000 0.53268
2234.000000 0.531888
2235.000000 0.530916
2236.000000 0.529947
2237.000000 0.528887
2238.000000 0.52783
2239.000000 0.526632
2240.000000 0.525438
2241.000000 0.524054
2242.000000 0.522675
2243.000000 0.521083
2244.000000 0.5195
2245.000000 0.517702
2246.000000 0.515913
2247.000000 0.514179
2248.000000 0.512453
2249.000000 0.510918
2250.000000 0.50939
2251.000000 0.508069
2252.000000 0.506752
2253.000000 0.505571
2254.000000 0.504394
2255.000000 0.503256
2256.000000 0.502121
2257.000000 0.500983
2258.000000 0.499849
2259.000000 0.498643
2260.000000 0.497442
2261.000000 0.496104
2262.000000 0.494772
2263.000000 0.493266
2264.000000 0.491767
2265.000000 0.490158
2266.000000 0.488558
2267.000000 0.486917
2268.000000 0.485286
2269.000000 0.483688
2270.000000 0.482098
2271.000000 0.480613
2272.000000 0.479135
2273.000000 0.477802
2274.000000 0.476475
2275.000000 0.475357
2276.000000 0.474242
2277.000000 0.473177
2278.000000 0.472116
2279.000000 0.47105
2280.000000 0.469987
2281.000000 0.468869
2282.000000 0.467755
2283.000000 0.466553
2284.000000 0.465355
2285.000000 0.464063
2286.000000 0.462776
2287.000000 0.461432
2288.000000 0.460094
2289.000000 0.458717
2290.000000 0.457345
2291.000000 0.455952
2292.000000 0.454565
2293.000000 0.45317
2294.000000 0.451784
2295.000000 0.450455
2296.000000 0.449132
2297.000000 0.447834
2298.000000 0.446542
2299.000000 0.445282
2300.000000 0.444027
2301.000000 0.442769
2302.000000 0.441515
2303.000000 0.440212
2304.000000 0.438914
2305.000000 0.43759
2306.000000 0.436272
2307.000000 0.434815
2308.000000 0.433365
2309.000000 0.431732
2310.000000 0.430109
2311.000000 0.428262
2312.000000 0.426429
2313.000000 0.424333
2314.000000 0.422254
2315.000000 0.419996
2316.000000 0.417756
2317.000000 0.415185
2318.000000 0.412636
2319.000000 0.409727
2320.000000 0.406848
2321.000000 0.403591
2322.000000 0.400372
2323.000000 0.397
2324.000000 0.39367
2325.000000 0.390632
2326.000000 0.387627
2327.000000 0.385396
2328.000000 0.383182
2329.000000 0.381964
2330.000000 0.380753
2331.000000 0.380247
2332.000000 0.379742
2333.000000 0.379593
2334.000000 0.379443
2335.000000 0.379219
2336.000000 0.378995
2337.000000 0.378436
2338.000000 0.377879
2339.000000 0.376649
2340.000000 0.375424
2341.000000 0.373228
2342.000000 0.371051
2343.000000 0.368026
2344.000000 0.365037
2345.000000 0.361694
2346.000000 0.358394
2347.000000 0.355087
2348.000000 0.351825
2349.000000 0.348823
2350.000000 0.345858
2351.000000 0.343217
2352.000000 0.340604
2353.000000 0.338362
2354.000000 0.336139
2355.000000 0.334354
2356.000000 0.332583
2357.000000 0.331265
2358.000000 0.329954
2359.000000 0.329052
2360.000000 0.328154
2361.000000 0.327499
2362.000000 0.326846
2363.000000 0.326267
2364.000000 0.325691
2365.000000 0.325051
2366.000000 0.324413
2367.000000 0.323519
2368.000000 0.322631
2369.000000 0.32133
2370.000000 0.320036
2371.000000 0.318179
2372.000000 0.316338
2373.000000 0.313795
2374.000000 0.311281
2375.000000 0.308085
2376.000000 0.304936
2377.000000 0.301702
2378.000000 0.298515
2379.000000 0.295818
2380.000000 0.293156
2381.000000 0.291423
2382.000000 0.289704
2383.000000 0.288801
2384.000000 0.287902
2385.000000 0.287524
2386.000000 0.287146
2387.000000 0.286991
2388.000000 0.286837
2389.000000 0.286619
2390.000000 0.2864
2391.000000 0.285834
2392.000000 0.285268
2393.000000 0.284078
2394.000000 0.282896
2395.000000 0.280834
2396.000000 0.278792
2397.000000 0.275666
2398.000000 0.272589
2399.000000 0.268677
2400.000000 0.264842
